640.8760
675.4400
674.6820
663.5120
663.5120
687.0190
675.4400
675.4400
675.4400
675.4400
675.4400
687.0190
675.4400
699.8160
675.4400
663.5120
687.0190
699.0020
675.4400
675.4400
687.0190
687.0190
652.7050
687.0190
663.5120
675.4400
699.8160
610.9160
687.0190
687.0190
663.5120
687.0190
674.6820
675.4400
557.6450
641.5600
687.0190
651.9970
687.0190
687.0190
687.0190
675.4400
674.6820
687.0190
699.8160
651.9970
675.4400
674.6820
687.0190
675.4400
687.0190
687.0190
699.8160
651.9970
712.2530
699.0020
712.2530
687.0190
699.0020
675.4400
687.0190
662.7800
651.9970
610.9160
662.7800
620.3730
630.1270
601.1420
610.2960
630.7890
651.9970
662.7800
651.9970
620.3730
652.7050
674.6820
651.9970
687.0190
156.3840
699.0020
699.8160
687.0190
662.7800
687.0190
699.8160
674.6820
699.0020
699.0020
674.6820
712.2530
687.0190
452.3260
687.0190
687.0190
699.0020
699.0020
699.8160
687.0190
699.0020
687.0190
687.0190
687.0190
713.0980
699.8160
687.0190
687.0190
663.5120
699.8160
687.0190
630.7890
582.5010
565.5140
557.6450
591.6750
480.9130
520.0190
640.8760
699.8160
699.0020
674.6820
699.0020
662.7800
699.0020
541.5690
687.0190
699.8160
699.8160
699.0020
699.8160
687.0190
674.6820
687.0190
687.0190
674.6820
674.6820
557.6450
674.6820
687.0190
699.8160
699.0020
699.0020
687.0190
674.6820
675.4400
699.0020
674.6820
630.7890
630.7890
674.6820
699.0020
687.0190
674.6820
687.0190
675.4400
699.0020
712.2530
687.0190
699.0020
699.0020
610.9160
601.1420
699.8160
699.8160
641.5600
687.0190
699.8160
699.0020
699.0020
630.7890
687.0190
687.0190
699.8160
574.1560
601.1420
687.0190
663.5120
699.8160
687.0190
687.0190
663.5120
620.3730
487.1490
526.8550
486.7540
526.8550
662.7800
541.5690
549.4890
526.8550
469.2750
520.0190
541.5690
566.0470
565.5140
591.6750
526.8550
542.0570
527.3170
620.3730
621.0140
610.2960
620.3730
601.1420
630.7890
452.6670
549.4890
432.1650
343.5090
366.5500
418.3310
437.1940
380.9510
487.1490
527.3170
591.6750
610.2960
601.1420
601.1420
620.3730
566.0470
592.2580
512.9190
409.2180
343.5090
447.6110
442.3410
388.5850
363.0080
463.4860
405.0820
463.4860
352.9900
334.5250
343.5090
305.3030
265.2870
359.5340
620.3730
663.5120
674.6820
526.8550
640.8760
620.3730
542.0570
640.8760
640.8760
630.1270
630.7890
630.7890
620.3730
630.7890
663.5120
675.4400
662.7800
640.8760
557.6450
640.8760
630.7890
651.9970
640.8760
675.4400
699.8160
610.9160
630.7890
641.5600
641.5600
641.5600
512.9190
621.0140
630.7890
630.7890
663.5120
675.4400
640.8760
699.8160
699.0020
651.9970
675.4400
565.5140
663.5120
687.0190
687.0190
663.5120
712.2530
641.5600
687.0190
699.8160
687.0190
712.2530
591.6750
620.3730
699.8160
640.8760
687.0190
675.4400
601.1420
534.3480
542.0570
549.4890
549.4890
534.3480
513.3570
427.5540
422.7440
687.0190
687.0190
699.8160
687.0190
675.4400
651.9970
592.2580
699.8160
699.8160
687.0190
675.4400
713.0980
687.0190
675.4400
663.5120
699.8160
699.0020
630.7890
630.7890
674.6820
699.8160
687.0190
687.0190
687.0190
699.8160
674.6820
674.6820
699.8160
699.8160
566.0470
641.5600
699.8160
699.8160
687.0190
687.0190
712.2530
674.6820
651.9970
675.4400
699.8160
712.2530
557.6450
651.9970
699.8160
663.5120
712.2530
687.0190
687.0190
699.8160
687.0190
674.6820
699.8160
699.8160
687.0190
583.0660
630.7890
687.0190
651.9970
541.5690
343.5090
366.3260
384.6070
458.1870
512.9190
527.3170
499.2870
601.1420
687.0190
699.8160
674.6820
687.0190
699.8160
674.6820
663.5120
687.0190
687.0190
574.1560
640.8760
675.4400
674.6820
699.0020
640.8760
699.0020
699.0020
641.5600
713.0980
582.5010
630.7890
699.8160
663.5120
687.0190
687.0190
687.0190
699.8160
651.9970
687.0190
699.0020
687.0190
549.4890
675.4400
687.0190
687.0190
641.5600
534.3480
583.0660
549.4890
527.3170
557.6450
601.1420
610.9160
687.0190
630.7890
674.6820
512.9190
663.5120
663.5120
687.0190
713.0980
652.7050
712.2530
725.1410
699.0020
674.6820
687.0190
699.0020
699.8160
712.2530
699.0020
699.8160
713.0980
687.0190
699.0020
699.8160
674.6820
687.0190
712.2530
687.0190
726.0160
675.4400
687.0190
699.8160
699.8160
674.6820
699.8160
699.8160
687.0190
687.0190
699.8160
674.6820
592.2580
601.1420
610.2960
557.6450
687.0190
687.0190
712.2530
712.2530
687.0190
699.8160
712.2530
699.0020
687.0190
712.2530
675.4400
699.8160
712.2530
712.2530
712.2530
712.2530
687.0190
699.8160
687.0190
687.0190
687.0190
712.2530
687.0190
699.0020
699.0020
699.0020
687.0190
674.6820
699.0020
699.8160
699.0020
687.0190
687.0190
699.8160
699.8160
674.6820
699.8160
663.5120
699.8160
699.8160
699.0020
712.2530
687.0190
