7.563
7.453
7.516
7.563
7.328
7.391
7.484
7.329
7.391
7.359
7.313
7.375
7.359
7.359
7.375
7.422
7.453
7.375
7.469
7.406
7.422
7.406
7.422
7.36
7.563
13.922
10.375
10.406
10.343
8.188
10.375
8.204
7.406
7.375
7.406
7.406
7.453
7.453
7.328
7.407
7.391
7.375
7.453
7.406
7.422
7.375
7.313
7.438
7.469
7.39
7.422
7.375
7.422
7.312
7.36
7.625
7.375
7.328
7.344
7.313
8.969
12.64
9.672
9.719
8.235
9.375
10.234
9.781
9.687
9.531
9.531
9.734
9.734
10.047
9.625
7.609
7.625
7.422
7.328
7.297
7.5
7.328
7.313
7.36
7.25
7.312
7.453
7.656
7.703
7.782
7.641
7.563
7.406
7.406
7.375
7.313
7.312
7.375
7.328
7.375
7.406
7.343
7.438
7.344
7.375
7.359
7.421
7.391
7.5
7.391
7.781
7.422
7.391
7.344
7.422
7.328
7.438
7.625
7.297
7.375
7.36
7.422
7.406
7.391
7.39
7.422
7.516
7.375
7.438
7.438
7.407
7.422
7.36
7.36
7.375
7.547
8.031
7.735
11.829
19.36
13.016
8.297
7.422
7.453
7.406
7.437
7.375
7.328
7.438
7.469
7.484
7.484
7.578
7.469
7.515
20.141
13.172
9.625
7.468
7.391
7.422
7.438
7.407
7.344
7.422
7.39
7.344
7.265
7.344
7.344
7.89
7.375
7.531
7.719
7.422
9.172
8.641
10.797
11.375
10.015
9.829
9.031
7.391
7.421
7.39
7.313
7.5
7.438
7.407
7.39
7.438
7.407
7.343
7.5
7.391
7.328
7.235
7.406
7.36
7.313
7.422
7.406
7.453
9.938
17.093
11.844
7.547
7.5
7.438
7.438
7.407
7.422
7.391
7.438
7.407
7.437
7.781
15.344
7.454
7.406
7.438
7.468
7.469
7.484
7.406
7.39
7.469
7.469
7.469
7.5
7.391
7.406
7.407
7.391
7.719
7.312
7.297
7.407
7.344
7.282
7.438
7.735
7.735
7.672
7.485
7.454
7.438
7.406
7.437
7.406
7.359
7.422
7.468
7.375
7.547
11.109
8.015
7.344
7.375
7.406
7.344
7.391
7.406
7.359
7.344
7.438
7.454
7.422
7.39
7.484
7.39
7.407
7.375
7.5
7.422
7.422
7.391
7.453
7.437
7.391
7.421
7.422
7.39
7.406
7.469
7.468
7.516
7.531
7.453
7.485
7.5
7.453
7.515
7.625
7.546
7.438
7.625
7.563
7.594
7.39
7.359
7.375
7.359
7.437
7.484
7.344
7.329
7.375
7.359
7.297
7.375
7.391
7.406
7.453
7.437
7.421
7.422
7.406
7.579
7.688
7.75
7.547
7.422
7.391
7.485
7.547
7.437
7.406
7.329
7.422
7.469
7.422
7.5
7.453
7.406
7.453
7.297
7.484
7.453
7.625
7.422
7.422
7.422
7.656
7.64
7.75
7.672
7.516
7.344
7.406
7.453
7.406
7.438
7.313
7.375
7.391
7.421
7.344
7.359
7.375
7.422
7.484
7.375
7.313
7.297
7.812
7.375
7.39
7.453
7.407
7.516
7.344
7.359
7.422
7.735
7.328
7.422
7.344
7.36
7.453
7.391
7.375
7.312
7.422
7.312
7.407
7.453
7.39
7.359
7.297
7.328
7.437
7.407
7.344
7.281
7.344
7.265
7.422
7.297
7.312
7.328
7.312
7.359
7.437
7.421
7.406
7.562
7.359
7.359
7.39
7.297
7.75
7.344
7.359
7.343
7.407
7.484
7.375
7.438
7.359
7.437
7.344
7.391
7.407
7.391
7.39
7.375
7.328
7.484
7.859
8.14
7.485
7.391
7.593
7.422
7.453
7.5
7.562
7.437
7.468
7.453
7.438
7.406
7.453
7.391
7.468
7.438
7.344
7.391
7.391
7.421
7.407
7.391
7.375
7.453
7.422
7.406
7.39
7.359
7.313
7.344
7.343
7.406
7.344
7.297
7.328
7.359
7.25
7.375
7.391
7.313
7.391
7.407
7.375
7.313
7.375
7.391
7.422
7.453
7.453
7.406
7.375
7.406
7.843
7.5
7.25
8.938
7.297
7.5
7.375
7.343
7.407
7.344
7.484
7.484
7.39
7.375
7.64
7.344
7.328
