694.3580
704.6060
698.7000
694.3580
716.6250
710.5160
701.6870
716.5270
710.5160
713.6060
718.0950
712.0580
713.6060
713.6060
712.0580
707.5490
704.6060
712.0580
703.0960
709.0770
707.5490
709.0770
707.5490
713.5090
694.3580
377.2030
506.1610
504.6540
507.7270
641.3560
506.1610
640.1060
709.0770
712.0580
709.0770
709.0770
704.6060
704.6060
716.6250
708.9820
710.5160
712.0580
704.6060
709.0770
707.5490
712.0580
718.0950
706.0270
703.0960
710.6120
707.5490
712.0580
707.5490
718.1930
713.5090
688.7120
712.0580
716.6250
715.0630
718.0950
585.5080
415.4610
542.9510
540.3260
637.6960
560.1520
513.1350
536.9010
542.1110
550.9840
550.9840
539.4930
539.4930
522.6860
545.6030
690.1600
688.7120
707.5490
716.6250
719.6690
700.1900
716.6250
718.0950
713.5090
724.3350
718.1930
704.6060
685.9230
681.7380
674.8170
687.2690
694.3580
709.0770
709.0770
712.0580
718.0950
718.1930
712.0580
716.6250
712.0580
709.0770
715.1610
706.0270
715.0630
712.0580
713.6060
707.6440
710.5160
700.1900
710.5160
674.9040
707.5490
710.5160
715.0630
707.5490
716.6250
706.0270
688.7120
719.6690
712.0580
713.5090
707.5490
709.0770
710.5160
710.6120
707.5490
698.7000
712.0580
706.0270
706.0270
708.9820
707.5490
713.5090
713.5090
712.0580
695.8300
653.8940
678.9170
443.9450
271.2510
403.4590
632.9310
707.5490
704.6060
709.0770
706.1220
712.0580
716.6250
706.0270
703.0960
701.6870
701.6870
692.9830
703.0960
698.7930
260.7330
398.6810
545.6030
703.1900
710.5160
707.5490
706.0270
708.9820
715.0630
707.5490
710.6120
715.0630
722.8390
715.0630
715.0630
665.5800
712.0580
697.3080
680.3250
707.5490
572.5500
607.7340
486.3780
461.6640
524.3560
534.2790
581.4890
710.5160
707.6440
710.6120
718.0950
700.1900
706.0270
708.9820
710.6120
706.0270
708.9820
715.1610
700.1900
710.5160
716.6250
725.8360
709.0770
713.5090
718.0950
707.5490
709.0770
704.6060
528.4190
307.2260
443.3830
695.8300
700.1900
706.0270
706.0270
708.9820
707.5490
710.5160
706.0270
708.9820
706.1220
674.9040
342.2460
704.5110
709.0770
706.0270
703.1900
703.0960
701.6870
709.0770
710.6120
703.0960
703.0960
703.0960
700.1900
710.5160
709.0770
708.9820
710.5160
680.3250
718.1930
719.6690
708.9820
715.0630
721.1520
706.0270
678.9170
678.9170
684.4920
701.5930
704.5110
706.0270
709.0770
706.1220
709.0770
713.6060
707.5490
703.1900
712.0580
695.8300
472.7180
655.2000
715.0630
712.0580
709.0770
715.0630
710.5160
709.0770
713.6060
715.0630
706.0270
704.5110
707.5490
710.6120
701.6870
710.6120
708.9820
712.0580
700.1900
707.5490
707.5490
710.5160
704.6060
706.1220
710.5160
707.6440
707.5490
710.6120
709.0770
703.0960
703.1900
698.7000
697.3080
704.6060
701.5930
700.1900
704.6060
698.7930
688.7120
695.9220
706.0270
688.7120
694.3580
691.5230
710.6120
713.6060
712.0580
713.6060
706.1220
701.6870
715.0630
716.5270
712.0580
713.6060
719.6690
712.0580
710.5160
709.0770
704.6060
706.1220
707.6440
707.5490
709.0770
692.8920
683.0680
677.6030
695.8300
707.5490
710.5160
701.5930
695.8300
706.1220
709.0770
716.5270
707.5490
703.0960
707.5490
700.1900
704.6060
709.0770
704.6060
719.6690
701.6870
704.6060
688.7120
707.5490
707.5490
707.5490
685.9230
687.3590
677.6030
684.4920
698.7000
715.0630
709.0770
704.6060
709.0770
706.0270
718.0950
712.0580
710.5160
707.6440
715.0630
713.6060
712.0580
707.5490
701.6870
712.0580
718.0950
719.6690
672.2260
712.0580
710.6120
704.6060
708.9820
698.7000
715.0630
713.6060
707.5490
678.9170
716.6250
707.5490
715.0630
713.5090
704.6060
710.5160
712.0580
718.1930
707.5490
718.1930
708.9820
704.6060
710.6120
713.6060
719.6690
716.6250
706.1220
708.9820
715.0630
721.2510
715.0630
722.8390
707.5490
719.6690
718.1930
716.6250
718.1930
713.6060
706.1220
707.6440
709.0770
694.4490
713.6060
713.6060
710.6120
719.6690
677.6030
715.0630
713.6060
715.1610
708.9820
701.6870
712.0580
706.0270
713.6060
706.1220
715.0630
710.5160
708.9820
710.5160
710.6120
712.0580
716.6250
701.6870
668.2050
645.1380
701.5930
710.5160
691.6140
707.5490
704.6060
700.1900
694.4490
706.1220
703.1900
704.6060
706.0270
709.0770
704.6060
710.5160
703.1900
706.0270
715.0630
710.5160
710.5160
707.6440
708.9820
710.5160
712.0580
704.6060
707.5490
709.0770
710.6120
713.6060
718.0950
715.0630
715.1610
709.0770
715.0630
719.6690
716.6250
713.6060
724.3350
712.0580
710.5160
718.0950
710.5160
708.9820
712.0580
718.0950
712.0580
710.5160
707.5490
704.6060
704.6060
709.0770
712.0580
709.0770
669.5690
700.1900
724.3350
587.5390
719.6690
700.1900
712.0580
715.1610
708.9820
715.0630
701.6870
701.6870
710.6120
712.0580
687.3590
715.0630
716.6250
