674904.0
672140.0
428688.0
628236.0
676207.0
670852.0
679005.0
670852.0
245508.0
539493.0
435369.0
666848.0
674904.0
680325.0
677603.0
673519.0
680325.0
679005.0
665580.0
643794.0
509204.0
280076.0
387187.0
397263.0
384973.0
441074.0
439891.0
406866.0
677603.0
492814.0
672140.0
499375.0
680325.0
672140.0
517076.0
676207.0
502384.0
665496.0
494252.0
679005.0
547366.0
618907.0
670852.0
503879.0
647605.0
680325.0
679005.0
642612.0
677603.0
313518.0
596956.0
565825.0
665580.0
669483.0
674817.0
670852.0
681738.0
679005.0
677603.0
677603.0
679005.0
677603.0
677603.0
668205.0
674904.0
674904.0
672140.0
669483.0
677603.0
672140.0
681738.0
655118.0
680413.0
680325.0
673519.0
669483.0
680325.0
677603.0
677603.0
679005.0
680413.0
674904.0
669483.0
670852.0
666848.0
669483.0
668120.0
662891.0
658982.0
632931.0
651299.0
670852.0
672140.0
673519.0
674904.0
677603.0
669483.0
669483.0
664233.0
657744.0
664233.0
641356.0
448725.0
345057.0
396813.0
329511.0
407878.0
391722.0
383652.0
496448.0
665496.0
497200.0
670852.0
476752.0
676294.0
679005.0
494997.0
455418.0
457282.0
656428.0
275246.0
228790.0
623537.0
603335.0
608861.0
618980.0
615498.0
629441.0
547366.0
549140.0
510789.0
504654.0
576446.0
651299.0
648805.0
586555.0
647525.0
658982.0
656428.0
660308.0
651299.0
631712.0
650090.0
500136.0
651299.0
482890.0
650090.0
498663.0
661555.0
474041.0
661639.0
489233.0
656428.0
513135.0
656428.0
509996.0
656428.0
519480.0
643794.0
501617.0
625840.0
492768.0
478795.0
661555.0
487779.0
657661.0
660225.0
660308.0
640184.0
656428.0
655118.0
648805.0
637773.0
645059.0
645138.0
641435.0
661639.0
653813.0
659065.0
480812.0
669483.0
483601.0
657661.0
657744.0
474684.0
652594.0
494950.0
650090.0
540326.0
641435.0
643873.0
652594.0
657744.0
645059.0
655118.0
657744.0
665496.0
661639.0
666848.0
664233.0
656428.0
648805.0
650009.0
653894.0
643873.0
637773.0
656428.0
632931.0
665580.0
656428.0
630575.0
652594.0
650090.0
635304.0
641356.0
639015.0
616654.0
634154.0
621250.0
636536.0
635381.0
632931.0
653894.0
652594.0
278457.0
364530.0
379328.0
372600.0
381063.0
338801.0
526776.0
509996.0
664233.0
508465.0
657744.0
481517.0
662891.0
482180.0
643873.0
491338.0
635381.0
476061.0
662891.0
492814.0
660308.0
503879.0
669483.0
664233.0
508465.0
477402.0
662891.0
487779.0
656428.0
503879.0
679005.0
670852.0
505382.0
531790.0
629366.0
674904.0
539493.0
676294.0
652594.0
673519.0
660225.0
642612.0
659065.0
672140.0
676207.0
677603.0
662891.0
668205.0
659065.0
643873.0
641435.0
660308.0
664233.0
666848.0
674904.0
670852.0
641356.0
636536.0
612197.0
661639.0
672226.0
672140.0
670852.0
674904.0
666848.0
635304.0
652594.0
665580.0
664233.0
669483.0
674817.0
676207.0
670852.0
673519.0
673519.0
665496.0
660308.0
676294.0
670852.0
676294.0
669483.0
672226.0
636536.0
673519.0
666848.0
317057.0
629366.0
467458.0
482890.0
625840.0
474041.0
387216.0
480812.0
519429.0
679005.0
615570.0
676294.0
673519.0
672226.0
677603.0
664149.0
616654.0
652594.0
631712.0
609922.0
599067.0
616654.0
624649.0
632931.0
607804.0
630575.0
630575.0
638937.0
657661.0
658982.0
662891.0
655118.0
656428.0
643794.0
611057.0
669483.0
672140.0
652594.0
665496.0
647605.0
669569.0
673519.0
674904.0
673519.0
668205.0
670852.0
670852.0
674904.0
673605.0
659065.0
669483.0
605561.0
472718.0
373847.0
495745.0
477402.0
503155.0
670852.0
673605.0
673519.0
666848.0
673519.0
672140.0
637773.0
662891.0
676207.0
666848.0
677603.0
674904.0
672226.0
677603.0
669483.0
674904.0
670852.0
672226.0
676207.0
661639.0
670852.0
515503.0
347201.0
394488.0
669483.0
676294.0
676207.0
676207.0
673519.0
645138.0
634154.0
660308.0
670852.0
668120.0
656428.0
676294.0
666848.0
566741.0
259329.0
390818.0
474726.0
395856.0
391255.0
478098.0
466172.0
388534.0
658982.0
507678.0
662975.0
489233.0
636536.0
659065.0
487100.0
611057.0
495698.0
637696.0
672140.0
498663.0
670766.0
677603.0
501617.0
672226.0
468125.0
673519.0
564852.0
676207.0
673519.0
384973.0
480856.0
513135.0
661555.0
681738.0
669569.0
669483.0
669483.0
681738.0
677603.0
677603.0
669483.0
676294.0
681738.0
684492.0
656428.0
677603.0
674904.0
366106.0
615498.0
503879.0
477402.0
636536.0
467458.0
630575.0
444584.0
485658.0
629366.0
483601.0
601262.0
672226.0
669569.0
643873.0
670852.0
673519.0
665496.0
666848.0
664233.0
669483.0
673519.0
674817.0
674904.0
674817.0
676207.0
670852.0
668205.0
672226.0
674904.0
664233.0
672140.0
672140.0
672140.0
665496.0
666848.0
666848.0
666848.0
670852.0
670852.0
670852.0
669483.0
664233.0
669483.0
665496.0
653813.0
666848.0
666848.0
662975.0
