0.015
0.0
0.016
0.0
0.016
0.078
0.0
0.015
0.0
0.0
0.015
0.016
0.0
0.0
0.0
0.015
0.016
0.015
0.0
0.078
0.016
0.093
0.016
0.016
0.063
0.015
0.016
0.0
0.016
0.015
0.016
0.0
0.0
0.0
0.016
0.0
0.016
0.016
0.079
0.016
0.016
0.157
0.078
0.016
0.015
0.0
0.0
0.016
0.0
0.016
0.015
0.078
0.0
0.063
0.016
0.063
0.0
0.015
0.015
0.0
0.015
0.015
0.016
0.016
0.0
0.0
0.016
0.079
0.015
0.0
0.015
0.094
0.015
0.0
0.0
0.015
0.016
0.0
0.016
0.0
0.015
0.016
0.078
0.046
0.0
0.0
0.0
0.078
0.016
0.0
0.016
0.0
0.0
0.016
0.015
0.0
0.0
0.031
0.015
0.093
0.062
0.0
0.0
0.094
0.0
0.0
0.016
0.016000000000000014
0.016
0.016
0.078
0.0
0.0
0.0
0.015
0.0
0.0
0.0
0.016
0.0
0.094
0.015
0.016
0.0
0.016
0.0
0.079
0.015
0.0
0.094
0.0
0.016
0.016
0.0
0.0
0.0
0.016
0.016
0.016
0.015
0.0
0.079
0.0
0.047
0.016
0.0
0.0
0.015
0.0
0.016
0.0
0.015
0.0
0.016
0.0
0.07799999999999996
0.079
0.015
0.063
0.0
0.0
0.0
0.015
0.016
0.016
0.0
0.0
0.015
0.0
0.016
0.016
0.016
0.016
0.0
0.015
0.0
0.016000000000000014
0.016
0.015
0.0
0.016
0.0
0.016
0.047
0.016
0.015
0.0
0.016
0.016
0.015
0.016
0.016
0.0
0.0
0.0
0.0
0.016
0.0
0.016
0.016
0.0
0.0
0.016
0.0
0.0
0.0
0.015
0.0
0.0
0.078
0.078
0.0
0.016
0.0
0.078
0.015
0.0
0.0
0.016
0.016
0.015
0.016
0.015
0.0
0.016
0.0
0.094
0.015
0.016
0.047
0.016
0.016
0.0
0.0
0.0
0.0
0.079
0.016
0.0
0.016
0.015
0.0
0.0
0.0
0.016
0.015
0.016
0.0
0.0
0.094
0.015
0.016
0.015
0.016
0.0
0.0
0.0
0.0
0.079
0.0
0.078
0.015
0.0
0.0
0.094
0.0
0.0
0.0
0.016
0.0
0.0
0.0
0.0
0.015
0.015
0.078
0.0
0.0
0.0
0.093
0.0
0.016
0.015
0.015
0.016
0.0
0.0
0.016
0.0
0.016000000000000014
0.0
0.0
0.0
0.016
0.0
0.016
0.015
0.0
0.0
0.016
0.015
0.015
0.015
0.015
0.016
0.016
0.093
0.016
0.079
0.016
0.0
0.015
0.015
0.0
0.016
0.015
0.0
0.047
0.016
0.062
0.0
0.015
0.016
0.0
0.0
0.016
0.0
0.016
0.016
0.0
0.0
0.016
0.016
0.015
0.016
0.093
0.016
0.016
0.016
0.015
0.016
0.0
0.0
0.016
0.0
0.016
0.0
0.0
0.094
0.078
0.0
0.0
0.015
0.016
0.016
0.016
0.0
0.0
0.0
0.016
0.015
0.016
0.016
0.0
0.0
0.0
0.015
0.0
0.015
0.0
0.0
0.016
0.015
0.0
0.016
0.015
0.0
0.015
0.0
0.015
0.016
0.0
0.016
0.015
0.0
0.0
0.0
0.0
0.016
0.062
0.078
0.015
0.016
0.0
0.0
0.0
0.0
0.016
0.0
0.016
0.0
0.015
0.0
0.079
0.015
0.015
0.0
0.016
0.015
0.015
0.0
0.016
0.015
0.016
0.0
0.0
0.0
0.0
0.0
0.0
0.0
0.016
0.0
0.0
0.016
0.0
0.016
0.0
0.0
0.015
0.015
0.016
0.0
0.0
0.015
0.016
0.016
0.016
0.078
0.016
0.0
0.015
0.016
0.015
0.016
0.015
0.0
0.0
0.0
0.016
0.016
0.0
0.079
0.0
0.015
0.032
0.0
0.0
0.0
0.0
0.016
0.016
0.016
0.0
0.0
0.0
0.062
0.015
0.016
0.0
0.015
0.0
0.0
0.016
0.0
0.016
0.0
0.016
0.0
0.0
0.0
0.062
0.0
0.016
0.0
0.0
0.0
0.0
0.015
0.0
0.0
0.015
0.015
0.015
0.016
0.0
0.016
0.016
0.078
0.078
