610.2960
651.9970
621.0140
651.9970
640.8760
662.7800
651.9970
620.3730
662.7800
662.7800
640.8760
640.8760
630.7890
663.5120
662.7800
630.7890
651.9970
630.7890
651.9970
641.5600
651.9970
630.7890
651.9970
630.7890
641.5600
675.4400
641.5600
663.5120
651.9970
620.3730
630.1270
640.8760
640.8760
640.8760
662.7800
651.9970
651.9970
674.6820
641.5600
651.9970
651.9970
663.5120
652.7050
640.8760
651.9970
641.5600
651.9970
574.1560
651.9970
640.8760
651.9970
663.5120
640.8760
652.7050
641.5600
651.9970
651.9970
641.5600
651.9970
662.7800
640.8760
630.7890
652.7050
640.8760
621.0140
651.9970
641.5600
663.5120
651.9970
630.7890
662.7800
630.7890
641.5600
641.5600
640.8760
651.9970
651.9970
630.7890
583.0660
592.2580
641.5600
620.3730
630.7890
549.9920
610.9160
574.1560
640.8760
621.0140
620.3730
640.8760
630.7890
651.9970
641.5600
651.9970
651.9970
641.5600
663.5120
640.8760
651.9970
641.5600
640.8760
630.7890
641.5600
663.5120
663.5120
641.5600
651.9970
630.7890
640.8760
663.5120
641.5600
641.5600
591.6750
651.9970
663.5120
651.9970
651.9970
640.8760
652.7050
651.9970
651.9970
640.8760
652.7050
640.8760
641.5600
663.5120
641.5600
640.8760
630.7890
651.9970
630.7890
651.9970
640.8760
651.9970
651.9970
641.5600
640.8760
641.5600
640.8760
663.5120
663.5120
651.9970
651.9970
651.9970
640.8760
652.7050
651.9970
652.7050
630.1270
663.5120
663.5120
620.3730
651.9970
640.8760
621.0140
610.9160
640.8760
640.8760
662.7800
630.7890
651.9970
640.8760
652.7050
663.5120
651.9970
620.3730
574.1560
652.7050
663.5120
651.9970
651.9970
663.5120
641.5600
651.9970
662.7800
651.9970
641.5600
652.7050
651.9970
663.5120
640.8760
630.7890
620.3730
620.3730
601.1420
620.3730
630.7890
610.2960
610.2960
651.9970
651.9970
620.3730
630.7890
640.8760
640.8760
610.9160
630.7890
630.7890
630.7890
630.7890
640.8760
630.1270
640.8760
610.2960
630.7890
582.5010
640.8760
591.6750
630.7890
630.7890
620.3730
621.0140
630.7890
620.3730
610.9160
663.5120
640.8760
652.7050
582.5010
662.7800
651.9970
641.5600
641.5600
651.9970
651.9970
663.5120
640.8760
640.8760
651.9970
641.5600
630.7890
621.0140
630.7890
610.9160
652.7050
630.7890
630.7890
641.5600
651.9970
662.7800
630.7890
630.1270
651.9970
651.9970
640.8760
651.9970
663.5120
630.7890
651.9970
651.9970
651.9970
651.9970
651.9970
651.9970
651.9970
662.7800
640.8760
651.9970
630.7890
641.5600
620.3730
601.1420
601.1420
630.7890
652.7050
651.9970
630.7890
663.5120
630.7890
651.9970
662.7800
651.9970
651.9970
610.2960
630.7890
651.9970
641.5600
651.9970
630.7890
651.9970
641.5600
663.5120
651.9970
620.3730
610.9160
641.5600
610.9160
641.5600
620.3730
601.1420
663.5120
630.7890
651.9970
651.9970
663.5120
663.5120
630.1270
663.5120
651.9970
652.7050
651.9970
652.7050
651.9970
610.9160
641.5600
641.5600
663.5120
493.5480
630.7890
583.0660
641.5600
675.4400
641.5600
630.7890
641.5600
651.9970
651.9970
651.9970
610.2960
610.9160
663.5120
651.9970
663.5120
651.9970
651.9970
651.9970
630.7890
651.9970
641.5600
662.7800
630.7890
641.5600
641.5600
663.5120
651.9970
630.7890
641.5600
640.8760
601.1420
651.9970
651.9970
663.5120
630.7890
640.8760
651.9970
651.9970
640.8760
652.7050
640.8760
651.9970
641.5600
651.9970
640.8760
641.5600
651.9970
662.7800
662.7800
651.9970
640.8760
652.7050
630.7890
630.7890
641.5600
610.9160
652.7050
640.8760
663.5120
640.8760
663.5120
663.5120
663.5120
651.9970
651.9970
640.8760
651.9970
641.5600
651.9970
610.2960
651.9970
640.8760
651.9970
663.5120
641.5600
663.5120
651.9970
651.9970
651.9970
651.9970
640.8760
640.8760
662.7800
651.9970
651.9970
651.9970
651.9970
651.9970
640.8760
651.9970
663.5120
651.9970
621.0140
651.9970
663.5120
663.5120
651.9970
640.8760
640.8760
652.7050
651.9970
651.9970
630.1270
651.9970
630.7890
640.8760
583.0660
601.1420
583.0660
534.3480
542.0570
641.5600
437.1940
592.2580
499.7020
520.0190
506.4380
519.5690
427.5540
432.4760
640.8760
592.2580
377.1270
352.9900
326.1750
463.4860
506.0110
463.4860
422.7440
651.9970
566.0470
630.7890
630.7890
493.1430
565.5140
630.7890
549.4890
630.7890
565.5140
651.9970
566.0470
641.5600
557.6450
591.6750
651.9970
641.5600
566.0470
574.1560
640.8760
574.1560
630.7890
557.6450
651.9970
541.5690
663.5120
566.0470
662.7800
557.6450
663.5120
549.4890
640.8760
549.9920
652.7050
542.0570
651.9970
557.6450
641.5600
565.5140
630.7890
549.9920
630.7890
541.5690
534.3480
630.7890
534.3480
620.3730
542.0570
651.9970
534.3480
652.7050
526.8550
662.7800
512.9190
651.9970
566.0470
651.9970
640.8760
651.9970
641.5600
640.8760
640.8760
651.9970
