674.9040
672.1400
428.6880
628.2360
676.2070
670.8520
679.0050
670.8520
245.5080
539.4930
435.3690
666.8480
674.9040
680.3250
677.6030
673.5190
680.3250
679.0050
665.5800
643.7940
509.2040
280.0760
387.1870
397.2630
384.9730
441.0740
439.8910
406.8660
677.6030
492.8140
672.1400
499.3750
680.3250
672.1400
517.0760
676.2070
502.3840
665.4960
494.2520
679.0050
547.3660
618.9070
670.8520
503.8790
647.6050
680.3250
679.0050
642.6120
677.6030
313.5180
596.9560
565.8250
665.5800
669.4830
674.8170
670.8520
681.7380
679.0050
677.6030
677.6030
679.0050
677.6030
677.6030
668.2050
674.9040
674.9040
672.1400
669.4830
677.6030
672.1400
681.7380
655.1180
680.4130
680.3250
673.5190
669.4830
680.3250
677.6030
677.6030
679.0050
680.4130
674.9040
669.4830
670.8520
666.8480
669.4830
668.1200
662.8910
658.9820
632.9310
651.2990
670.8520
672.1400
673.5190
674.9040
677.6030
669.4830
669.4830
664.2330
657.7440
664.2330
641.3560
448.7250
345.0570
396.8130
329.5110
407.8780
391.7220
383.6520
496.4480
665.4960
497.2000
670.8520
476.7520
676.2940
679.0050
494.9970
455.4180
457.2820
656.4280
275.2460
228.7900
623.5370
603.3350
608.8610
618.9800
615.4980
629.4410
547.3660
549.1400
510.7890
504.6540
576.4460
651.2990
648.8050
586.5550
647.5250
658.9820
656.4280
660.3080
651.2990
631.7120
650.0900
500.1360
651.2990
482.8900
650.0900
498.6630
661.5550
474.0410
661.6390
489.2330
656.4280
513.1350
656.4280
509.9960
656.4280
519.4800
643.7940
501.6170
625.8400
492.7680
478.7950
661.5550
487.7790
657.6610
660.2250
660.3080
640.1840
656.4280
655.1180
648.8050
637.7730
645.0590
645.1380
641.4350
661.6390
653.8130
659.0650
480.8120
669.4830
483.6010
657.6610
657.7440
474.6840
652.5940
494.9500
650.0900
540.3260
641.4350
643.8730
652.5940
657.7440
645.0590
655.1180
657.7440
665.4960
661.6390
666.8480
664.2330
656.4280
648.8050
650.0090
653.8940
643.8730
637.7730
656.4280
632.9310
665.5800
656.4280
630.5750
652.5940
650.0900
635.3040
641.3560
639.0150
616.6540
634.1540
621.2500
636.5360
635.3810
632.9310
653.8940
652.5940
278.4570
364.5300
379.3280
372.6000
381.0630
338.8010
526.7760
509.9960
664.2330
508.4650
657.7440
481.5170
662.8910
482.1800
643.8730
491.3380
635.3810
476.0610
662.8910
492.8140
660.3080
503.8790
669.4830
664.2330
508.4650
477.4020
662.8910
487.7790
656.4280
503.8790
679.0050
670.8520
505.3820
531.7900
629.3660
674.9040
539.4930
676.2940
652.5940
673.5190
660.2250
642.6120
659.0650
672.1400
676.2070
677.6030
662.8910
668.2050
659.0650
643.8730
641.4350
660.3080
664.2330
666.8480
674.9040
670.8520
641.3560
636.5360
612.1970
661.6390
672.2260
672.1400
670.8520
674.9040
666.8480
635.3040
652.5940
665.5800
664.2330
669.4830
674.8170
676.2070
670.8520
673.5190
673.5190
665.4960
660.3080
676.2940
670.8520
676.2940
669.4830
672.2260
636.5360
673.5190
666.8480
317.0570
629.3660
467.4580
482.8900
625.8400
474.0410
387.2160
480.8120
519.4290
679.0050
615.5700
676.2940
673.5190
672.2260
677.6030
664.1490
616.6540
652.5940
631.7120
609.9220
599.0670
616.6540
624.6490
632.9310
607.8040
630.5750
630.5750
638.9370
657.6610
658.9820
662.8910
655.1180
656.4280
643.7940
611.0570
669.4830
672.1400
652.5940
665.4960
647.6050
669.5690
673.5190
674.9040
673.5190
668.2050
670.8520
670.8520
674.9040
673.6050
659.0650
669.4830
605.5610
472.7180
373.8470
495.7450
477.4020
503.1550
670.8520
673.6050
673.5190
666.8480
673.5190
672.1400
637.7730
662.8910
676.2070
666.8480
677.6030
674.9040
672.2260
677.6030
669.4830
674.9040
670.8520
672.2260
676.2070
661.6390
670.8520
515.5030
347.2010
394.4880
669.4830
676.2940
676.2070
676.2070
673.5190
645.1380
634.1540
660.3080
670.8520
668.1200
656.4280
676.2940
666.8480
566.7410
259.3290
390.8180
474.7260
395.8560
391.2550
478.0980
466.1720
388.5340
658.9820
507.6780
662.9750
489.2330
636.5360
659.0650
487.1000
611.0570
495.6980
637.6960
672.1400
498.6630
670.7660
677.6030
501.6170
672.2260
468.1250
673.5190
564.8520
676.2070
673.5190
384.9730
480.8560
513.1350
661.5550
681.7380
669.5690
669.4830
669.4830
681.7380
677.6030
677.6030
669.4830
676.2940
681.7380
684.4920
656.4280
677.6030
674.9040
366.1060
615.4980
503.8790
477.4020
636.5360
467.4580
630.5750
444.5840
485.6580
629.3660
483.6010
601.2620
672.2260
669.5690
643.8730
670.8520
673.5190
665.4960
666.8480
664.2330
669.4830
673.5190
674.8170
674.9040
674.8170
676.2070
670.8520
668.2050
672.2260
674.9040
664.2330
672.1400
672.1400
672.1400
665.4960
666.8480
666.8480
666.8480
670.8520
670.8520
670.8520
669.4830
664.2330
669.4830
665.4960
653.8130
666.8480
666.8480
662.9750
