0.062
0.062
0.062
0.078
0.078
0.062
0.062
0.062
0.062
0.062
0.062
0.062
0.062
0.062
0.062
0.062
0.062
0.062
0.062
0.062
0.062
0.062
0.062
0.062
0.062
0.062
0.062
0.062
0.062
0.062
0.062
0.062
0.062
0.062
0.062
0.062
0.062
0.062
0.062
0.062
0.062
0.062
0.062
0.062
0.062
0.062
0.062
0.062
0.062
0.062
0.062
0.062
0.062
0.062
0.062
0.078
0.078
0.078
0.078
0.078
0.078
0.078
0.078
0.078
0.078
0.078
0.078
0.078
0.078
0.078
0.078
0.078
0.078
0.078
0.093
0.093
0.093
0.093
0.093
0.093
0.093
0.093
0.093
0.093
0.093
0.093
0.093
0.109
0.109
0.109
0.109
0.109
0.109
0.109
0.109
0.109
0.125
0.125
0.125
0.125
0.125
0.125
0.125
0.125
0.125
0.125
0.125
0.125
0.125
0.125
0.125
0.125
0.125
0.14
0.14
0.14
0.14
0.14
0.14
0.14
0.14
0.14
0.125
0.125
0.125
0.125
0.125
0.125
0.125
0.125
0.125
0.125
0.125
0.125
0.141
0.141
0.141
0.141
0.141
0.141
0.141
0.141
0.141
0.141
0.141
0.141
0.141
0.141
0.141
0.141
0.141
0.141
0.141
0.156
0.156
0.156
0.156
0.156
0.156
0.156
0.156
0.156
0.156
0.156
0.156
0.156
0.156
0.156
0.156
0.156
0.156
0.156
0.156
0.172
0.172
0.172
0.172
0.172
0.172
0.172
0.172
0.172
0.172
0.172
0.172
0.172
0.172
0.172
0.172
0.188
0.188
0.188
0.188
0.188
0.188
0.188
0.188
0.188
0.188
0.188
0.188
0.188
0.188
0.188
0.188
0.188
0.188
0.188
0.188
0.203
0.203
0.203
0.203
0.203
0.203
0.203
0.203
0.203
0.203
0.203
0.203
0.203
0.203
0.203
0.203
0.203
0.203
0.203
0.219
0.219
0.219
0.219
0.219
0.219
0.219
0.219
0.219
0.219
0.219
0.219
0.219
0.219
0.219
0.219
0.219
0.219
0.219
0.219
0.219
0.219
0.235
3.266
3.125
3.219
3.125
3.219
3.172
3.266
3.219
3.125
3.25
3.156
3.156
3.25
3.109
3.203
9.156
3.156
3.203
3.109
9.156
3.156
3.203
3.109
3.156
9.156
3.109
3.203
3.203
3.109
9.156
3.156
3.109
3.203
3.156
9.156
3.156
9.156
3.109
3.203
9.156
3.156
3.203
3.125
3.125
3.219
3.156
9.156
3.219
3.125
9.156
3.156
3.156
9.156
3.125
3.219
9.156
3.156
3.219
3.125
3.125
3.219
3.156
9.156
3.219
3.125
9.156
3.156
9.156
3.156
1.219
1.219
3.156
9.156
3.125
3.219
3.219
3.125
9.156
3.172
3.125
3.219
3.172
9.156
3.125
3.219
3.172
9.156
3.219
3.156
9.172
3.172
3.172
9.172
3.156
3.219
9.172
3.172
3.219
3.156
3.219
3.156
9.172
3.172
3.156
3.219
3.172
9.172
9.172
3.172
3.219
3.156
3.172
9.172
3.156
3.219
9.172
3.172
3.234
3.156
3.172
9.172
3.156
3.234
3.234
3.156
9.172
3.172
3.156
3.234
3.203
9.172
3.188
9.157
3.141
3.219
9.157
3.188
3.219
3.141
3.141
3.219
3.188
9.172
3.219
3.141
9.172
3.188
3.219
3.141
9.172
3.188
3.141
3.219
3.188
9.172
3.063
3.063
3.063
3.063
3.063
3.063
3.063
3.063
3.063
3.063
3.063
3.063
3.063
3.063
3.079
3.079
3.079
3.079
3.079
3.079
3.079
3.079
3.079
3.079
3.079
3.079
3.079
3.079
3.079
3.079
3.079
3.219
3.219
3.141
9.172
3.188
3.141
3.219
3.188
9.172
3.188
9.172
3.141
3.219
9.172
3.188
3.219
3.141
3.141
3.219
3.188
9.172
3.219
3.141
9.172
3.188
3.219
3.141
9.172
3.188
3.141
3.219
3.188
9.172
9.172
3.188
3.219
3.141
3.188
9.172
3.141
3.219
3.141
3.235
3.188
9.172
3.235
3.141
9.172
3.188
3.188
9.172
3.141
3.235
9.172
3.188
3.235
3.141
3.188
9.188
3.141
3.235
9.188
3.188
