9.328
10.375
9.703
9.484
9.625
9.578
10.625
9.796
10.281
10.031
10.343
10.437
9.484
9.812
9.937
9.578
9.718
9.703
9.5
12.968
9.64
9.75
9.64
9.671
10.328
9.906
12.968
9.843
9.953
12.609
9.89
12.953
9.593
9.531
9.968
9.937
10.046
9.75
9.625
9.984
9.875
9.609
12.562
9.859
9.687
10.0
9.562
10.062
10.343
0.25
3.921
3.89
3.968
3.875
3.937
3.906
3.906
3.984
4.015
4.156
4.14
4.015
4.046
3.984
3.921
6.703
4.203
4.187
6.406
4.265
4.234
4.046
4.218
4.078
4.25
4.078
4.062
4.062
4.109
4.093
4.484
4.312
4.609
4.343
7.734
4.093
4.296
4.468
4.453
4.437
4.593
4.453
4.625
4.671
4.656
4.64
4.796
4.875
4.515
4.687
4.484
4.718
4.515
4.828
4.531
4.546
4.921
4.953
4.937
4.703
4.578
4.578
4.562
5.359
5.031
5.0
6.765
4.75
4.75
4.718
6.437
7.062
6.468
5.062
9.172
9.172
7.485
6.141
5.125
5.11
4.719
7.266
4.75
7.813
4.75
5.203
4.766
5.172
8.031
5.219
5.188
4.813
4.875
5.235
4.828
9.985
5.266
4.844
5.25
4.828
4.891
7.625
5.047
7.344
5.063
7.406
4.875
5.094
5.078
5.469
9.75
6.672
6.281
7.25
5.141
7.61
6.078
7.61
6.797
5.891
7.313
7.156
7.61
7.61
6.797
7.625
8.516
6.828
5.141
6.938
6.281
8.703
7.219
6.313
5.281
6.906
5.594
6.891
6.328
5.313
6.0
6.281
6.375
6.5
6.485
7.578
5.328
5.344
6.86
7.735
5.656
7.875
5.688
7.766
7.578
6.453
6.781
6.485
7.875
7.891
7.188
7.875
5.453
7.172
12.625
5.719
12.672
5.453
7.75
6.735
12.485
5.453
12.875
7.594
12.641
12.688
12.563
12.813
7.047
12.5
12.891
6.75
12.844
13.094
12.547
12.828
7.078
6.766
12.656
12.625
12.75
12.86
12.516
13.141
12.672
13.11
12.766
12.656
12.5
12.735
10.094
12.703
14.016
6.797
12.531
7.891
12.797
12.922
7.86
13.047
7.844
13.0
6.813
12.735
7.11
6.813
5.453
7.922
5.75
5.437
7.828
5.437
6.125
6.515
7.187
5.75
6.515
5.875
5.437
6.515
7.219
5.75
6.125
7.219
5.437
7.687
8.078
6.515
6.562
7.234
6.562
6.625
6.625
5.984
5.984
5.437
5.875
6.562
5.5
7.14
5.5
7.781
7.625
6.5
5.5
6.562
7.187
6.656
6.625
5.984
5.5
7.344
6.625
7.437
6.656
8.422
8.359
6.719
5.875
6.64
5.984
7.359
5.562
7.359
7.39
6.625
5.562
6.656
5.875
6.719
5.562
6.562
7.703
6.297
10.219
15.984
14.187
6.062
5.984
15.734
13.609
14.078
16.312
7.109
15.781
14.047
15.844
13.125
12.765
10.219
13.422
12.969
16.328
13.437
13.109
9.25
13.047
15.703
9.265
13.047
9.406
13.469
9.562
9.281
9.422
9.312
9.484
9.359
9.328
9.5
9.344
9.375
9.515
9.703
9.39
9.625
9.39
9.75
13.984
15.75
14.032
16.391
13.36
13.454
12.907
13.016
16.329
12.954
13.125
13.047
16.329
12.922
13.938
15.985
13.391
13.469
13.25
15.719
13.5
15.844
16.344
14.0
14.157
16.344
13.391
15.985
13.407
16.157
15.704
13.047
13.297
12.938
16.219
13.969
14.157
16.391
13.204
12.985
16.172
13.516
14.063
14.11
16.172
13.532
14.079
15.485
13.141
13.61
13.219
13.547
16.422
13.485
16.297
13.36
16.016
10.204
13.141
15.485
13.563
16.094
13.235
15.875
15.922
16.094
16.485
16.422
13.954
13.282
15.797
16.079
16.485
15.875
16.204
16.11
16.547
13.172
16.188
14.094
16.094
15.938
15.922
13.204
16.204
13.985
16.516
13.297
15.875
16.516
13.969
16.11
13.36
16.219
15.922
16.047
16.125
13.313
16.485
16.454
16.438
16.563
14.079
16.454
16.485
16.454
16.547
14.094
16.047
16.563
13.344
16.5
16.469
16.438
13.359
16.531
14.078
9.406
16.438
13.906
16.547
10.109
