1.422
1.6560000000000001
1.484
1.375
1.7029999999999998
1.375
1.328
1.609
1.5310000000000001
1.484
1.484
1.671
1.7029999999999998
1.687
1.6560000000000001
1.75
1.734
1.781
1.796
1.75
1.796
1.843
1.828
2.0
1.828
1.859
1.875
1.906
1.937
1.968
1.921
1.906
1.937
2.171
2.031
2.062
2.046
2.078
1.984
2.078
2.015
2.109
2.093
2.14
2.109
2.218
2.046
2.218
2.14
2.25
2.296
2.375
2.171
2.328
2.203
2.359
2.281
2.25
2.281
2.39
2.421
2.406
2.453
2.468
2.328
2.484
2.515
2.5
2.453
2.953
2.921
3.234
3.125
3.14
3.39
3.328
3.312
3.312
3.281
3.375
3.406
3.421
3.64
3.6870000000000003
3.484
5.343
5.203
8.796
8.921
3.5460000000000003
3.484
3.5
3.515
3.625
3.609
5.156
5.421
5.406
3.6710000000000003
3.578
3.5460000000000003
3.6710000000000003
3.703
3.718
3.812
4.359
5.968
4.343
4.375
6.234
4.671
4.453
4.437
4.468
4.406
4.515
4.484
4.5
4.531
4.562
4.546
4.625
4.86
6.094
4.641
4.594
5.828
4.563
4.594
4.735
4.688
4.781
4.813
4.703
4.641
4.922
4.703
4.828
4.891
4.719
4.797
4.953
4.813
4.969
5.031
4.86
4.985
5.0
4.938
5.063
5.078
5.141
4.891
5.094
5.203
5.125
4.938
5.25
5.188
4.969
5.031
5.0
5.219
5.344
5.094
5.281
5.297
5.313
5.375
5.531
5.25
5.453
5.469
5.485
5.563
5.5
5.61
5.36
5.281
5.406
5.641
5.344
5.672
5.703
6.188
5.719
5.391
5.781
5.735
5.75
5.485
5.906
5.922
5.875
5.547
5.516
6.36
5.61
5.578
5.969
5.641
6.016
5.985
5.703
6.016
6.063
5.735
6.047
6.0
6.078
6.125
5.813
6.11
6.156
6.25
5.844
5.875
6.172
6.235
6.266
6.328
6.281
6.266
6.313
6.047
6.297
6.297
6.141
6.36
6.094
6.344
6.344
6.391
8.641
8.672
8.625
8.641
8.672
8.688
8.938
8.86
8.797
8.75
8.719
8.875
8.735
8.922
8.703
8.86
8.891
8.735
13.438
11.281
12.438
10.453
12.344
12.485
13.078
12.594
11.313
13.484
10.719
10.734
13.172
11.515
12.515
13.265
10.781
12.344
11.562
13.547
10.765
12.531
11.359
11.078
13.187
13.14
12.609
12.672
13.531
13.594
11.094
11.609
12.656
11.5
13.562
10.844
13.609
14.297
12.453
13.234
11.109
12.703
19.297
10.922
12.469
11.125
13.265
12.719
10.578
13.64
11.14
11.172
13.687
10.937
12.812
13.375
14.265
12.75
10.859
14.047
12.625
11.187
13.672
12.547
11.437
13.312
12.031
13.344
11.672
8.734
8.812
11.656
13.765
10.719
12.734
12.765
14.125
16.156
11.406
10.75
12.578
11.484
13.719
10.828
12.828
11.734
13.734
12.781
10.515
13.515
11.5
11.531
13.406
10.797
12.594
13.484
11.719
12.797
10.515
12.844
10.812
13.453
11.609
14.109
12.89
11.672
13.797
13.859
12.015
12.922
10.937
11.562
13.828
10.515
13.578
16.187
12.015
12.703
10.562
11.562
16.219
10.89
13.062
12.984
10.562
16.234
12.015
10.922
12.969
11.656
13.89
11.594
14.235
10.547
13.016
13.719
11.704
13.172
13.875
10.563
13.079
12.0
13.891
12.985
10.547
16.297
12.235
12.891
13.969
13.907
12.0
10.579
12.86
11.641
13.641
10.188
10.188
10.188
10.188
10.188
10.188
10.188
10.188
9.141
10.188
10.188
10.188
10.188
10.188
10.188
10.188
10.188
10.188
10.188
10.188
10.188
10.188
10.188
10.188
10.188
12.985
10.188
10.454
10.188
10.188
10.188
13.11
13.141
11.704
13.938
12.235
10.704
13.375
12.0
13.954
11.641
13.641
12.235
13.266
13.969
12.235
13.188
10.704
11.719
12.954
12.0
14.266
13.094
11.063
16.36
12.235
12.969
10.704
14.0
12.0
12.235
13.219
12.235
13.985
13.782
12.297
13.0
10.704
12.235
13.735
11.063
13.422
10.704
13.266
12.391
14.016
13.032
11.063
14.032
12.641
12.438
13.797
11.063
13.329
14.079
12.5
13.032
10.704
12.235
14.063
11.063
13.125
14.266
12.407
