2965.0
2546.0
2841.0
3066.0
1618.0
3066.0
3175.0
2620.0
2754.0
4809.0
1857.0
4271.0
1618.0
4230.0
1664.0
2409.0
4115.0
4007.0
2347.0
1575.0
1535.0
1495.0
2306.0
3568.0
2306.0
3839.0
2249.0
3744.0
3684.0
2142.0
1435.0
1446.0
1423.0
3287.0
2076.0
1337.0
2061.0
3434.0
1389.0
1326.0
1368.0
1999.0
3409.0
3335.0
1999.0
3217.0
1347.0
1901.0
1288.0
3172.0
3108.0
3005.0
1269.0
1811.0
1251.0
1787.0
1208.0
1225.0
1208.0
2986.0
2947.0
1145.0
2909.0
2891.0
1184.0
2873.0
2837.0
2854.0
1123.0
1428.0
1443.0
2658.0
1349.0
878.0
1243.0
2144.0
2154.0
832.0
840.0
816.0
1238.0
2086.0
757.0
1935.0
791.0
1335.0
529.0
313.0
800.0
777.0
791.0
2039.0
1199.0
1163.0
1977.0
534.0
777.0
1320.0
751.0
770.0
2012.0
1944.0
1138.0
1919.0
1106.0
967.0
1195.0
970.0
963.0
1144.0
590.0
947.0
950.0
943.0
957.0
1580.0
940.0
612.0
608.0
604.0
1569.0
1227.0
867.0
691.0
908.0
1553.0
723.0
604.0
600.0
890.0
899.0
576.0
1482.0
1517.0
594.0
2043.0
586.0
873.0
862.0
584.0
270.0
1440.0
572.0
1436.0
1418.0
567.0
845.0
843.0
558.0
832.0
830.0
820.0
563.0
827.0
810.0
822.0
558.0
803.0
1375.0
554.0
548.0
551.0
808.0
1335.0
541.0
1351.0
796.0
1343.0
1327.0
1290.0
525.0
773.0
1038.0
1301.0
758.0
1297.0
1272.0
514.0
522.0
509.0
747.0
515.0
1258.0
1251.0
1153.0
737.0
511.0
729.0
735.0
733.0
502.0
1208.0
712.0
717.0
497.0
499.0
1122.0
491.0
494.0
706.0
488.0
700.0
1192.0
483.0
700.0
695.0
480.0
697.0
459.0
693.0
688.0
474.0
690.0
1159.0
1141.0
471.0
469.0
683.0
1144.0
1139.0
1127.0
1136.0
1139.0
1130.0
455.0
1133.0
1133.0
448.0
1122.0
452.0
1125.0
1125.0
1116.0
319.0
317.0
488.0
825.0
486.0
317.0
798.0
311.0
479.0
982.0
818.0
475.0
817.0
799.0
316.0
475.0
802.0
315.0
313.0
244.0
456.0
263.0
223.0
454.0
210.0
334.0
243.0
529.0
257.0
256.0
209.0
619.0
453.0
207.0
255.0
223.0
743.0
526.0
256.0
336.0
242.0
776.0
209.0
209.0
334.0
332.0
419.0
525.0
643.0
489.0
679.0
366.0
310.0
254.0
309.0
805.0
221.0
208.0
642.0
561.0
369.0
386.0
221.0
641.0
207.0
561.0
260.0
309.0
640.0
638.0
308.0
786.0
329.0
206.0
397.0
330.0
657.0
404.0
218.0
637.0
522.0
219.0
751.0
207.0
229.0
206.0
736.0
315.0
312.0
737.0
306.0
802.0
560.0
330.0
401.0
351.0
241.0
799.0
219.0
240.0
307.0
793.0
556.0
732.0
519.0
329.0
262.0
203.0
239.0
239.0
96.0
796.0
218.0
204.0
609.0
329.0
262.0
555.0
795.0
204.0
237.0
402.0
327.0
236.0
517.0
304.0
1593.0
552.0
786.0
238.0
516.0
262.0
525.0
350.0
715.0
217.0
261.0
238.0
350.0
655.0
658.0
437.0
261.0
349.0
715.0
787.0
325.0
236.0
513.0
237.0
603.0
261.0
660.0
200.0
235.0
320.0
514.0
261.0
322.0
716.0
513.0
324.0
261.0
348.0
702.0
213.0
510.0
408.0
716.0
260.0
214.0
236.0
202.0
1592.0
1878.0
1878.0
700.0
1592.0
1592.0
1592.0
1592.0
940.0
1592.0
987.0
843.0
1417.0
843.0
1592.0
1592.0
1592.0
1417.0
843.0
700.0
1273.0
843.0
700.0
557.0
1417.0
324.0
270.0
682.0
270.0
700.0
843.0
544.0
654.0
609.0
512.0
702.0
257.0
533.0
716.0
511.0
236.0
202.0
941.0
537.0
510.0
702.0
319.0
257.0
858.0
212.0
229.0
602.0
210.0
777.0
347.0
702.0
212.0
257.0
509.0
229.0
941.0
539.0
702.0
510.0
200.0
699.0
212.0
257.0
225.0
200.0
645.0
531.0
257.0
537.0
693.0
509.0
211.0
777.0
508.0
218.0
691.0
94.0
777.0
535.0
506.0
220.0
211.0
257.0
225.0
507.0
777.0
210.0
602.0
222.0
