9.078
9.093
9.109
9.093
9.109
9.093
9.109
9.093
9.109
9.109
9.093
9.109
9.093
9.093
9.109
9.093
9.125
9.109
9.093
9.125
9.093
9.125
9.093
9.109
9.093
9.093
9.125
9.093
9.109
9.109
9.093
9.125
9.093
9.093
9.109
9.109
9.125
9.125
9.109
9.109
9.093
9.109
9.125
9.093
9.109
9.109
9.093
9.125
9.109
0.203
3.0
3.015
3.015
3.015
3.0
3.015
3.015
3.015
3.015
3.015
3.031
3.031
3.046
3.031
3.031
3.031
3.046
3.031
3.031
3.046
3.046
3.046
3.046
3.046
3.046
3.046
3.046
3.046
3.062
3.062
3.062
3.062
3.062
3.062
3.062
3.046
3.046
3.078
3.062
3.062
3.062
3.062
3.062
3.078
3.062
3.062
3.078
3.078
3.078
3.078
3.078
3.078
3.078
3.078
3.078
3.078
3.078
3.078
3.078
3.078
3.078
3.078
3.078
3.078
3.093
3.078
3.078
3.093
3.093
3.093
3.093
3.093
3.093
3.109
3.078
3.078
3.078
3.094
3.094
3.094
3.094
3.094
3.094
3.094
3.094
3.11
3.094
3.094
3.094
3.11
3.094
3.11
3.11
3.11
3.11
3.11
3.11
3.11
3.11
3.11
3.11
3.11
3.11
3.11
3.11
3.11
3.11
3.11
3.11
3.11
3.125
3.125
3.125
3.125
3.125
3.125
3.125
3.125
3.125
3.125
3.125
3.125
3.125
3.125
3.125
3.125
3.125
3.125
3.125
3.125
3.125
3.125
3.125
3.125
3.141
3.125
3.141
3.125
3.141
3.141
3.141
3.141
3.141
3.141
3.141
3.141
3.141
3.156
3.141
3.141
3.141
3.156
3.141
3.156
3.141
3.141
3.156
3.156
3.156
3.156
3.156
3.156
3.156
3.156
12.031
3.156
12.047
3.156
3.156
3.156
12.016
3.156
12.047
6.36
12.031
12.047
12.031
12.031
6.36
12.031
12.047
6.36
12.031
12.047
12.031
12.031
6.36
6.36
12.031
12.031
12.047
12.031
12.016
12.047
12.031
12.047
12.031
12.031
12.016
12.047
6.375
12.047
12.031
6.375
12.016
6.375
12.031
12.047
3.156
12.047
3.156
12.047
6.375
12.047
6.375
6.375
3.86
3.844
3.844
3.844
3.844
3.844
3.844
3.844
3.844
3.844
3.844
3.844
3.844
3.844
3.844
3.844
3.844
3.844
3.844
3.844
3.844
3.844
3.844
3.844
3.844
3.844
3.844
3.844
3.844
3.844
3.844
3.844
3.844
3.844
3.844
3.844
3.844
3.844
3.844
3.844
3.844
3.844
3.844
3.844
3.844
3.844
3.844
3.844
3.844
3.844
3.844
3.844
3.844
3.844
3.844
3.844
3.844
3.844
3.844
3.844
3.844
3.844
3.844
3.844
3.844
3.844
3.844
3.844
6.375
12.109
12.047
3.844
3.844
12.047
12.109
12.047
12.109
6.375
12.062
12.109
12.047
12.062
12.031
6.375
12.062
12.047
12.109
12.062
12.047
9.047
12.047
12.031
9.047
12.062
9.047
12.062
9.047
9.047
9.047
9.047
9.047
9.047
9.047
9.047
9.047
9.047
9.047
9.047
9.047
9.047
9.047
9.047
12.062
12.047
12.094
12.094
12.047
12.063
12.032
12.047
12.094
12.032
12.063
12.047
12.094
12.032
12.063
12.094
12.047
12.063
12.032
12.032
12.063
12.047
12.094
12.079
12.032
12.094
12.047
12.094
12.047
12.079
12.032
12.047
12.11
12.032
12.079
12.079
12.032
12.094
12.063
12.032
12.079
12.063
12.11
12.063
12.094
12.063
12.11
6.375
12.063
12.11
12.079
12.079
12.11
12.063
12.094
12.11
12.079
6.375
12.063
6.375
12.063
12.125
12.079
12.063
12.094
12.079
12.125
12.11
12.079
12.094
12.063
12.079
12.125
12.063
12.094
12.079
12.125
12.063
12.094
12.125
12.079
12.094
12.063
12.063
12.094
12.079
12.125
12.094
12.063
12.125
12.079
12.125
12.11
12.094
12.063
12.11
12.141
12.11
12.125
12.125
12.11
12.125
12.11
12.11
12.125
12.11
12.141
12.125
12.11
12.125
12.094
12.094
12.109
12.094
12.109
12.109
12.094
9.031
12.094
12.094
12.125
9.031
