65.094
106.922
107.562
107.14
107.234
106.937
66.218
62.859
106.968
107.343
107.093
107.453
68.547
62.859
107.281
107.0
62.937
107.687
61.797
107.422
63.984
107.359
107.203
107.5
107.406
107.031
107.656
107.156
107.297
68.406
76.593
107.468
5.172
107.328
68.468
73.156
76.843
76.781
6.828
73.187
11.218
67.343
112.547
6.437
6.609
73.25
107.547
12.343
53.609
6.734
113.187
68.422
7.922
5.172
56.672
6.625
5.234
8.125
6.765
97.078
73.14
6.859
8.25
5.281
6.422
78.297
5.297
8.359
8.062
78.375
5.234
73.093
78.078
12.297
76.703
109.843
6.484
70.906
14.406
78.187
76.609
5.359
79.656
9.156
79.781
11.218
68.672
6.5
8.203
58.734
6.656
49.562
107.593
6.781
66.297
8.312
6.359
78.015
7.922
72.031
76.937
6.547
79.718
8.093
6.687
68.734
13.343
103.656
65.14
15.406
68.484
6.812
8.234
69.843
6.359
112.265
6.593
111.031
8.343
52.562
73.375
6.718
107.187
10.156
112.5
68.609
62.797
69.797
73.297
74.437
10.156
71.968
49.5
74.484
12.218
107.39
68.547
62.797
107.64
13.343
15.406
107.047
107.5
69.719
104.688
7.969
71.891
59.719
69.719
56.61
61.719
8.125
53.547
107.11
11.141
70.828
71.891
112.782
61.719
68.641
78.047
106.813
49.485
66.188
107.235
73.016
107.063
76.532
70.828
50.547
51.547
76.86
76.938
107.703
97.157
73.344
67.282
113.094
68.344
57.657
51.547
54.594
50.547
75.469
79.547
54.594
76.469
65.047
66.125
76.625
63.922
78.485
76.719
106.875
79.797
58.657
73.219
63.922
78.313
28.438
113.0
78.203
89.891
78.422
78.11
40.453
78.094
7.969
34.438
78.219
7.844
113.422
112.688
73.266
36.453
76.907
109.891
8.172
77.938
44.469
46.469
76.75
112.891
71.953
76.813
42.453
68.344
9.0
43.469
76.532
14.328
68.578
76.672
22.422
65.11
79.657
113.016
66.266
24.422
75.469
107.0
8.032
112.641
17.407
74.36
113.407
64.969
112.375
30.438
73.016
21.407
55.594
106.75
23.422
107.594
32.438
113.266
48.469
26.422
68.703
19.407
52.547
28.438
66.125
79.688
30.438
67.282
38.453
90.953
62.907
32.438
79.813
64.969
34.453
79.485
26.406
113.562
44.453
79.594
27.406
46.453
88.812
29.422
79.469
78.453
39.437
56.594
79.531
90.984
113.359
24.406
60.703
98.203
17.391
78.25
35.437
20.391
101.547
89.812
78.141
113.125
45.453
79.734
31.422
47.453
77.922
85.797
49.516
108.75
112.125
1.25
113.141
110.984
90.875
113.734
103.562
113.516
113.234
112.781
14.312
89.812
1.234
99.203
80.797
84.797
88.812
1.3279999999999998
43.453
45.453
48.453
101.203
104.625
73.062
112.422
112.703
112.922
113.094
18.391
23.406
47.453
99.203
103.562
83.797
87.812
90.875
41.437
113.047
113.484
22.406
113.766
112.141
112.406
112.609
11.125
37.437
33.422
104.625
100.203
97.109
96.0
112.891
112.656
112.5
112.297
80.797
113.641
113.437
113.203
4.078
91.984
36.437
84.797
103.625
100.203
97.0
95.0
112.828
8.281
112.453
112.25
29.422
113.547
78.391
77.984
102.547
2.344
33.422
38.437
90.937
93.984
113.187
18.391
113.625
81.797
112.266
74.344
112.719
112.921
5.078
87.796
106.765
53.515
98.125
96.984
112.937
112.718
112.531
112.328
83.781
113.687
113.312
113.281
69.75
2.953
112.562
70.859
112.062
109.921
4.062
5.296
109.734
55.578
40.421
60.687
106.828
58.625
59.687
106.671
105.671
2.328
101.187
89.843
86.781
93.968
91.968
113.437
14.359
82.781
25.39
74.39
112.296
12.171
8.968
108.671
92.968
19.375
16.375
82.781
113.671
112.546
7.812
12.25
112.796
110.921
5.078
112.187
111.984
57.625
2.953
113.484
113.734
113.015
113.265
76.437
112.828
112.046
112.375
108.671
111.984
109.89
110.921
109.734
109.796
108.734
106.671
95.984
98.125
41.421
42.437
16.375
39.421
113.578
94.984
21.39
113.328
92.968
102.531
105.671
27.39
85.781
31.406
113.656
81.781
35.421
25.39
20.375
78.312
37.421
86.781
1.296
