128.0
51.0
50.0
51.0
51.0
51.0
126.0
110.0
51.0
50.0
51.0
50.0
122.0
40.0
50.0
51.0
133.0
50.0
41.0
50.0
39.0
50.0
51.0
50.0
50.0
51.0
50.0
51.0
50.0
37.0
71.0
50.0
492.0
50.0
37.0
74.0
71.0
71.0
800.0
74.0
617.0
37.0
48.0
1076.0
827.0
74.0
50.0
443.0
102.0
812.0
48.0
101.0
321.0
1339.0
44.0
825.0
1323.0
673.0
808.0
26.0
74.0
797.0
662.0
482.0
396.0
69.0
1308.0
654.0
678.0
69.0
487.0
114.0
70.0
682.0
71.0
76.0
393.0
118.0
582.0
69.0
71.0
1565.0
68.0
278.0
68.0
227.0
79.0
1066.0
666.0
93.0
821.0
169.0
50.0
806.0
82.0
657.0
2518.0
107.0
874.0
75.0
71.0
389.0
68.0
675.0
817.0
79.0
1200.0
80.0
83.0
1039.0
101.0
802.0
664.0
78.0
2518.0
48.0
2871.0
62.0
655.0
304.0
74.0
2383.0
51.0
1864.0
48.0
79.0
301.0
120.0
74.0
112.0
1576.0
116.0
323.0
73.0
1310.0
50.0
37.0
254.0
50.0
1200.0
1039.0
51.0
50.0
229.0
24.0
869.0
222.0
268.0
229.0
282.0
259.0
673.0
299.0
51.0
1437.0
226.0
222.0
48.0
259.0
122.0
70.0
51.0
323.0
38.0
51.0
219.0
51.0
109.0
226.0
316.0
310.0
71.0
71.0
50.0
56.0
218.0
237.0
48.0
234.0
277.0
310.0
293.0
316.0
212.0
105.0
293.0
209.0
39.0
242.0
71.0
250.0
69.0
71.0
51.0
68.0
272.0
218.0
250.0
69.0
563.0
48.0
69.0
93.0
69.0
70.0
395.0
70.0
319.0
464.0
69.0
2041.0
48.0
48.0
114.0
439.0
208.0
49.0
1959.0
205.0
360.0
344.0
208.0
48.0
35.0
208.0
377.0
277.0
1779.0
368.0
33.0
1117.0
122.0
208.0
714.0
128.0
68.0
48.0
241.0
655.0
212.0
51.0
1993.0
48.0
919.0
215.0
48.0
291.0
48.0
526.0
219.0
748.0
288.0
51.0
683.0
50.0
493.0
48.0
330.0
606.0
233.0
825.0
304.0
563.0
242.0
105.0
526.0
237.0
416.0
92.0
40.0
493.0
68.0
246.0
464.0
201.0
606.0
48.0
360.0
201.0
584.0
344.0
180.0
544.0
201.0
106.0
406.0
282.0
32.0
60.0
48.0
656.0
263.0
55.0
920.0
107.0
451.0
785.0
25.0
178.0
204.0
48.0
352.0
105.0
509.0
337.0
205.0
186.0
51.0
77.0
22.0
5543.0
48.0
22.0
176.0
48.0
154.0
48.0
48.0
48.0
1118.0
178.0
2065.0
161.0
198.0
188.0
180.0
6317.0
368.0
352.0
330.0
158.0
153.0
34.0
48.0
48.0
48.0
48.0
870.0
684.0
337.0
161.0
154.0
191.0
182.0
176.0
386.0
48.0
48.0
714.0
48.0
61.0
48.0
48.0
1439.0
427.0
479.0
153.0
159.0
194.0
166.0
48.0
48.0
48.0
48.0
198.0
48.0
48.0
48.0
3926.0
174.0
439.0
188.0
24.0
159.0
165.0
168.0
48.0
1933.0
48.0
48.0
544.0
48.0
107.0
32.0
184.0
6831.0
479.0
416.0
28.0
170.0
48.0
870.0
48.0
195.0
48.0
215.0
48.0
48.0
3153.0
182.0
149.0
299.0
163.0
165.0
48.0
48.0
48.0
48.0
191.0
48.0
48.0
48.0
36.0
5422.0
48.0
35.0
74.0
49.0
3942.0
481.0
145.0
288.0
396.0
263.0
149.0
273.0
268.0
150.0
179.0
6878.0
158.0
28.0
184.0
170.0
174.0
48.0
177.0
193.0
630.0
34.0
48.0
1315.0
1785.0
147.0
172.0
826.0
977.0
193.0
48.0
48.0
2049.0
208.0
48.0
144.0
3153.0
48.0
142.0
328.0
5422.0
48.0
48.0
48.0
48.0
209.0
48.0
22.0
48.0
147.0
142.0
145.0
144.0
145.0
23.0
23.0
150.0
166.0
163.0
386.0
377.0
977.0
406.0
48.0
168.0
748.0
48.0
172.0
156.0
151.0
584.0
186.0
509.0
48.0
195.0
452.0
630.0
785.0
204.0
427.0
184.0
1966.0
