0.047
0.047
0.047
0.047
0.047
0.047
0.063
0.063
0.063
0.063
0.063
0.063
0.063
0.063
0.063
0.063
0.063
0.063
0.063
0.063
0.063
0.063
0.063
0.063
0.063
0.063
0.063
0.063
0.063
0.063
0.063
0.063
0.063
0.063
0.063
0.063
0.063
0.063
0.063
0.063
0.063
0.063
0.079
0.079
0.079
0.079
0.079
0.079
0.079
0.079
0.079
0.079
0.079
0.079
0.079
0.079
0.079
0.079
0.094
0.094
0.094
0.094
0.094
0.094
0.094
0.094
0.094
0.094
0.094
0.094
0.094
0.094
0.094
0.094
0.094
0.094
0.11
0.11
0.11
0.11
0.11
0.11
0.11
0.11
0.11
0.11
0.11
0.11
0.11
0.11
0.11
0.11
0.11
0.11
0.125
0.125
0.125
0.125
0.125
0.125
0.125
0.125
0.125
0.125
0.125
0.109
0.109
0.109
0.109
0.109
0.109
0.109
0.109
0.109
0.109
0.109
0.109
0.125
0.125
0.125
0.125
0.125
0.125
0.125
0.125
3.141
3.094
3.125
3.078
3.078
3.125
3.094
3.156
3.156
3.094
3.125
3.094
3.094
3.125
3.094
3.156
3.094
3.125
3.094
3.156
3.156
3.094
3.125
3.094
3.109
3.156
3.094
3.125
3.125
3.094
3.156
3.109
3.125
3.094
3.156
3.109
3.109
3.156
3.094
3.125
3.125
3.094
3.156
3.109
3.109
3.156
3.094
3.125
9.078
3.156
3.094
3.125
3.125
3.094
3.156
9.078
3.141
3.094
3.156
9.078
9.078
0.125
0.125
0.125
0.125
0.125
0.125
0.125
0.125
0.141
0.141
0.141
0.141
0.141
0.141
0.141
0.141
0.141
0.141
0.141
0.141
0.141
0.141
0.141
0.141
0.141
0.141
0.141
0.141
0.141
0.141
0.141
0.156
0.156
0.156
0.156
0.156
3.141
9.078
3.156
3.156
9.078
3.141
0.219
0.219
0.219
0.219
0.219
0.219
0.219
0.219
0.219
0.219
0.219
0.219
0.219
0.219
0.219
0.219
0.203
0.203
3.125
9.062
3.14
3.14
6.125
3.062
3.062
3.14
9.062
3.125
3.078
3.078
3.125
9.062
3.14
3.14
9.062
3.125
3.078
3.078
3.125
9.062
3.156
3.078
3.125
9.062
3.156
3.156
9.062
3.125
3.093
3.062
3.062
3.062
3.062
6.078
6.125
3.062
3.062
3.062
3.062
3.062
3.062
3.062
3.062
6.125
6.062
3.109
3.062
3.156
6.093
3.093
3.062
3.109
6.062
3.109
6.062
3.109
3.062
3.109
6.125
3.093
3.062
6.062
6.125
3.062
3.062
3.062
3.062
3.062
3.062
3.062
3.062
6.14
6.078
3.062
3.062
3.062
6.078
3.062
3.093
6.125
3.109
3.062
3.109
6.062
3.109
6.062
3.109
3.062
3.109
3.093
3.156
3.062
3.109
3.093
3.062
3.109
6.125
3.109
3.062
3.109
6.062
3.109
6.062
3.109
3.078
3.156
3.093
3.109
3.078
6.125
3.156
3.172
3.125
3.125
3.172
3.156
3.078
3.078
3.078
6.078
6.14
3.078
3.078
6.093
6.062
3.078
3.109
3.093
3.156
3.078
6.093
6.125
6.125
6.094
6.094
6.11
6.125
6.141
6.11
6.094
3.141
6.094
6.078
6.11
3.141
6.141
6.094
6.094
6.063
6.141
3.141
3.157
6.078
3.11
0.188
6.125
6.125
6.11
6.078
6.141
6.094
6.125
6.125
6.078
6.078
6.11
6.125
6.094
6.094
6.094
3.141
3.141
6.11
6.11
3.141
6.094
6.094
3.157
6.063
6.141
6.094
3.157
6.078
6.141
3.141
6.125
6.125
6.094
6.078
6.11
3.157
6.063
6.094
6.094
6.094
3.172
3.141
3.157
3.11
3.172
3.141
3.141
6.141
6.078
6.11
6.078
6.094
6.125
6.125
3.141
6.141
6.078
6.094
6.094
6.141
6.063
0.188
0.188
0.203
6.125
6.11
6.094
6.078
6.125
6.125
6.141
3.141
6.094
6.078
6.141
0.203
0.203
0.203
0.203
0.203
0.203
0.203
0.203
6.11
0.203
0.203
0.203
3.172
3.141
6.125
6.078
6.094
6.125
6.141
6.141
6.11
6.11
