640876.0
675440.0
674682.0
663512.0
663512.0
687019.0
675440.0
675440.0
675440.0
675440.0
675440.0
687019.0
675440.0
699816.0
675440.0
663512.0
687019.0
699002.0
675440.0
675440.0
687019.0
687019.0
652705.0
687019.0
663512.0
675440.0
699816.0
610916.0
687019.0
687019.0
663512.0
687019.0
674682.0
675440.0
557645.0
641560.0
687019.0
651997.0
687019.0
687019.0
687019.0
675440.0
674682.0
687019.0
699816.0
651997.0
675440.0
674682.0
687019.0
675440.0
687019.0
687019.0
699816.0
651997.0
712253.0
699002.0
712253.0
687019.0
699002.0
675440.0
687019.0
662780.0
651997.0
610916.0
662780.0
620373.0
630127.0
601142.0
610296.0
630789.0
651997.0
662780.0
651997.0
620373.0
652705.0
674682.0
651997.0
687019.0
156384.0
699002.0
699816.0
687019.0
662780.0
687019.0
699816.0
674682.0
699002.0
699002.0
674682.0
712253.0
687019.0
452326.0
687019.0
687019.0
699002.0
699002.0
699816.0
687019.0
699002.0
687019.0
687019.0
687019.0
713098.0
699816.0
687019.0
687019.0
663512.0
699816.0
687019.0
630789.0
582501.0
565514.0
557645.0
591675.0
480913.0
520019.0
640876.0
699816.0
699002.0
674682.0
699002.0
662780.0
699002.0
541569.0
687019.0
699816.0
699816.0
699002.0
699816.0
687019.0
674682.0
687019.0
687019.0
674682.0
674682.0
557645.0
674682.0
687019.0
699816.0
699002.0
699002.0
687019.0
674682.0
675440.0
699002.0
674682.0
630789.0
630789.0
674682.0
699002.0
687019.0
674682.0
687019.0
675440.0
699002.0
712253.0
687019.0
699002.0
699002.0
610916.0
601142.0
699816.0
699816.0
641560.0
687019.0
699816.0
699002.0
699002.0
630789.0
687019.0
687019.0
699816.0
574156.0
601142.0
687019.0
663512.0
699816.0
687019.0
687019.0
663512.0
620373.0
487149.0
526855.0
486754.0
526855.0
662780.0
541569.0
549489.0
526855.0
469275.0
520019.0
541569.0
566047.0
565514.0
591675.0
526855.0
542057.0
527317.0
620373.0
621014.0
610296.0
620373.0
601142.0
630789.0
452667.0
549489.0
432165.0
343509.0
366550.0
418331.0
437194.0
380951.0
487149.0
527317.0
591675.0
610296.0
601142.0
601142.0
620373.0
566047.0
592258.0
512919.0
409218.0
343509.0
447611.0
442341.0
388585.0
363008.0
463486.0
405082.0
463486.0
352990.0
334525.0
343509.0
305303.0
265287.0
359534.0
620373.0
663512.0
674682.0
526855.0
640876.0
620373.0
542057.0
640876.0
640876.0
630127.0
630789.0
630789.0
620373.0
630789.0
663512.0
675440.0
662780.0
640876.0
557645.0
640876.0
630789.0
651997.0
640876.0
675440.0
699816.0
610916.0
630789.0
641560.0
641560.0
641560.0
512919.0
621014.0
630789.0
630789.0
663512.0
675440.0
640876.0
699816.0
699002.0
651997.0
675440.0
565514.0
663512.0
687019.0
687019.0
663512.0
712253.0
641560.0
687019.0
699816.0
687019.0
712253.0
591675.0
620373.0
699816.0
640876.0
687019.0
675440.0
601142.0
534348.0
542057.0
549489.0
549489.0
534348.0
513357.0
427554.0
422744.0
687019.0
687019.0
699816.0
687019.0
675440.0
651997.0
592258.0
699816.0
699816.0
687019.0
675440.0
713098.0
687019.0
675440.0
663512.0
699816.0
699002.0
630789.0
630789.0
674682.0
699816.0
687019.0
687019.0
687019.0
699816.0
674682.0
674682.0
699816.0
699816.0
566047.0
641560.0
699816.0
699816.0
687019.0
687019.0
712253.0
674682.0
651997.0
675440.0
699816.0
712253.0
557645.0
651997.0
699816.0
663512.0
712253.0
687019.0
687019.0
699816.0
687019.0
674682.0
699816.0
699816.0
687019.0
583066.0
630789.0
687019.0
651997.0
541569.0
343509.0
366326.0
384607.0
458187.0
512919.0
527317.0
499287.0
601142.0
687019.0
699816.0
674682.0
687019.0
699816.0
674682.0
663512.0
687019.0
687019.0
574156.0
640876.0
675440.0
674682.0
699002.0
640876.0
699002.0
699002.0
641560.0
713098.0
582501.0
630789.0
699816.0
663512.0
687019.0
687019.0
687019.0
699816.0
651997.0
687019.0
699002.0
687019.0
549489.0
675440.0
687019.0
687019.0
641560.0
534348.0
583066.0
549489.0
527317.0
557645.0
601142.0
610916.0
687019.0
630789.0
674682.0
512919.0
663512.0
663512.0
687019.0
713098.0
652705.0
712253.0
725141.0
699002.0
674682.0
687019.0
699002.0
699816.0
712253.0
699002.0
699816.0
713098.0
687019.0
699002.0
699816.0
674682.0
687019.0
712253.0
687019.0
726016.0
675440.0
687019.0
699816.0
699816.0
674682.0
699816.0
699816.0
687019.0
687019.0
699816.0
674682.0
592258.0
601142.0
610296.0
557645.0
687019.0
687019.0
712253.0
712253.0
687019.0
699816.0
712253.0
699002.0
687019.0
712253.0
675440.0
699816.0
712253.0
712253.0
712253.0
712253.0
687019.0
699816.0
687019.0
687019.0
687019.0
712253.0
687019.0
699002.0
699002.0
699002.0
687019.0
674682.0
699002.0
699816.0
699002.0
687019.0
687019.0
699816.0
699816.0
674682.0
699816.0
663512.0
699816.0
699816.0
699002.0
712253.0
687019.0
