694358.0
704606.0
698700.0
694358.0
716625.0
710516.0
701687.0
716527.0
710516.0
713606.0
718095.0
712058.0
713606.0
713606.0
712058.0
707549.0
704606.0
712058.0
703096.0
709077.0
707549.0
709077.0
707549.0
713509.0
694358.0
377203.0
506161.0
504654.0
507727.0
641356.0
506161.0
640106.0
709077.0
712058.0
709077.0
709077.0
704606.0
704606.0
716625.0
708982.0
710516.0
712058.0
704606.0
709077.0
707549.0
712058.0
718095.0
706027.0
703096.0
710612.0
707549.0
712058.0
707549.0
718193.0
713509.0
688712.0
712058.0
716625.0
715063.0
718095.0
585508.0
415461.0
542951.0
540326.0
637696.0
560152.0
513135.0
536901.0
542111.0
550984.0
550984.0
539493.0
539493.0
522686.0
545603.0
690160.0
688712.0
707549.0
716625.0
719669.0
700190.0
716625.0
718095.0
713509.0
724335.0
718193.0
704606.0
685923.0
681738.0
674817.0
687269.0
694358.0
709077.0
709077.0
712058.0
718095.0
718193.0
712058.0
716625.0
712058.0
709077.0
715161.0
706027.0
715063.0
712058.0
713606.0
707644.0
710516.0
700190.0
710516.0
674904.0
707549.0
710516.0
715063.0
707549.0
716625.0
706027.0
688712.0
719669.0
712058.0
713509.0
707549.0
709077.0
710516.0
710612.0
707549.0
698700.0
712058.0
706027.0
706027.0
708982.0
707549.0
713509.0
713509.0
712058.0
695830.0
653894.0
678917.0
443945.0
271251.0
403459.0
632931.0
707549.0
704606.0
709077.0
706122.0
712058.0
716625.0
706027.0
703096.0
701687.0
701687.0
692983.0
703096.0
698793.0
260733.0
398681.0
545603.0
703190.0
710516.0
707549.0
706027.0
708982.0
715063.0
707549.0
710612.0
715063.0
722839.0
715063.0
715063.0
665580.0
712058.0
697308.0
680325.0
707549.0
572550.0
607734.0
486378.0
461664.0
524356.0
534279.0
581489.0
710516.0
707644.0
710612.0
718095.0
700190.0
706027.0
708982.0
710612.0
706027.0
708982.0
715161.0
700190.0
710516.0
716625.0
725836.0
709077.0
713509.0
718095.0
707549.0
709077.0
704606.0
528419.0
307226.0
443383.0
695830.0
700190.0
706027.0
706027.0
708982.0
707549.0
710516.0
706027.0
708982.0
706122.0
674904.0
342246.0
704511.0
709077.0
706027.0
703190.0
703096.0
701687.0
709077.0
710612.0
703096.0
703096.0
703096.0
700190.0
710516.0
709077.0
708982.0
710516.0
680325.0
718193.0
719669.0
708982.0
715063.0
721152.0
706027.0
678917.0
678917.0
684492.0
701593.0
704511.0
706027.0
709077.0
706122.0
709077.0
713606.0
707549.0
703190.0
712058.0
695830.0
472718.0
655200.0
715063.0
712058.0
709077.0
715063.0
710516.0
709077.0
713606.0
715063.0
706027.0
704511.0
707549.0
710612.0
701687.0
710612.0
708982.0
712058.0
700190.0
707549.0
707549.0
710516.0
704606.0
706122.0
710516.0
707644.0
707549.0
710612.0
709077.0
703096.0
703190.0
698700.0
697308.0
704606.0
701593.0
700190.0
704606.0
698793.0
688712.0
695922.0
706027.0
688712.0
694358.0
691523.0
710612.0
713606.0
712058.0
713606.0
706122.0
701687.0
715063.0
716527.0
712058.0
713606.0
719669.0
712058.0
710516.0
709077.0
704606.0
706122.0
707644.0
707549.0
709077.0
692892.0
683068.0
677603.0
695830.0
707549.0
710516.0
701593.0
695830.0
706122.0
709077.0
716527.0
707549.0
703096.0
707549.0
700190.0
704606.0
709077.0
704606.0
719669.0
701687.0
704606.0
688712.0
707549.0
707549.0
707549.0
685923.0
687359.0
677603.0
684492.0
698700.0
715063.0
709077.0
704606.0
709077.0
706027.0
718095.0
712058.0
710516.0
707644.0
715063.0
713606.0
712058.0
707549.0
701687.0
712058.0
718095.0
719669.0
672226.0
712058.0
710612.0
704606.0
708982.0
698700.0
715063.0
713606.0
707549.0
678917.0
716625.0
707549.0
715063.0
713509.0
704606.0
710516.0
712058.0
718193.0
707549.0
718193.0
708982.0
704606.0
710612.0
713606.0
719669.0
716625.0
706122.0
708982.0
715063.0
721251.0
715063.0
722839.0
707549.0
719669.0
718193.0
716625.0
718193.0
713606.0
706122.0
707644.0
709077.0
694449.0
713606.0
713606.0
710612.0
719669.0
677603.0
715063.0
713606.0
715161.0
708982.0
701687.0
712058.0
706027.0
713606.0
706122.0
715063.0
710516.0
708982.0
710516.0
710612.0
712058.0
716625.0
701687.0
668205.0
645138.0
701593.0
710516.0
691614.0
707549.0
704606.0
700190.0
694449.0
706122.0
703190.0
704606.0
706027.0
709077.0
704606.0
710516.0
703190.0
706027.0
715063.0
710516.0
710516.0
707644.0
708982.0
710516.0
712058.0
704606.0
707549.0
709077.0
710612.0
713606.0
718095.0
715063.0
715161.0
709077.0
715063.0
719669.0
716625.0
713606.0
724335.0
712058.0
710516.0
718095.0
710516.0
708982.0
712058.0
718095.0
712058.0
710516.0
707549.0
704606.0
704606.0
709077.0
712058.0
709077.0
669569.0
700190.0
724335.0
587539.0
719669.0
700190.0
712058.0
715161.0
708982.0
715063.0
701687.0
701687.0
710612.0
712058.0
687359.0
715063.0
716625.0
