0.016
0.0
0.016
0.0
0.0
0.0
0.015
0.016
0.0
0.016
0.0
0.0
0.0
0.0
0.0
0.015
0.016
0.016
0.015
0.015
0.016
0.016
0.015
0.0
0.0
0.015
0.094
0.015
0.0
0.0
0.015
0.016
0.015
0.0
0.016
0.015
0.0
0.016
0.015
0.016
0.0
0.016
0.0
0.015
0.016
0.015
0.016
0.0
0.016
0.015
0.0
0.016
0.0
0.015
0.016
0.0
0.016
0.0
0.016
0.0
0.0
0.047
0.0
0.0
0.079
0.11
0.016
0.016
0.0
0.016
0.0
0.015
0.015
0.0
0.016
0.015
0.016
0.016
0.0
0.0
0.016
0.015
0.016
0.0
0.0
0.0
0.0
0.0
0.016
0.016
0.0
0.016
0.015
0.016
0.0
0.0
0.0
0.016
0.016000000000000014
0.015
0.0
0.0
0.016
0.0
0.015
0.015
0.015
0.016
0.015
0.016
0.016000000000000014
0.031
0.031
0.0
0.015
0.016
0.0
0.016
0.015
0.047
0.016
0.0
0.031
0.016
0.015
0.0
0.11
0.015
0.016
0.016
0.016
0.0
0.0
0.0
0.015
0.015
0.015
0.016
0.016
0.063
0.016
0.015
0.015
0.016
0.016
0.015
0.0
0.015
0.0
0.0
0.0
0.016
0.0
0.0
0.0
0.016
0.015
0.0
0.0
0.016
0.015
0.016
0.0
0.0
0.016
0.015
0.016
0.015
0.0
0.016
0.015
0.016
0.016
0.016
0.0
0.016
0.016
0.015
0.016
0.0
0.0
0.016
0.016
0.015
0.0
0.0
0.016
0.0
0.016
0.015
0.016
0.016
0.0
0.0
0.0
0.015
0.0
0.015
0.0
0.0
0.016
0.0
0.0
0.0
0.015
0.062
0.0
0.015
0.016
0.016
0.0
0.016
0.0
0.016
0.016
0.015
0.0
0.016
0.0
0.0
0.016
0.015
0.016
0.016
0.0
0.015
0.016
0.015
0.0
0.015
0.016
0.016000000000000014
0.0
0.0
0.016
0.0
0.0
0.016
0.016
0.016
0.031
0.0
0.0
0.0
0.0
0.0
0.0
0.016
0.0
0.016
0.015
0.0
0.031
0.031
0.031
0.015
0.031
0.016
0.015
0.094
0.031
0.016
0.0
0.016
0.016
0.016
0.032
0.016
0.015
0.031
0.015
0.016
0.031
0.015
0.031
0.016
0.016
0.031
0.015
0.016
0.015
0.016
0.015
0.016000000000000014
0.031
0.031
0.016
0.0
0.015
0.016
0.0
0.016
0.015
0.04700000000000004
0.031
0.016
0.031
0.016
0.031
0.031
0.031
0.016
0.0
0.015
0.016
0.016
0.016
0.016
0.015
0.031
0.031
0.016
0.016
0.016
0.015
0.015
0.016
0.031
0.016
0.0
0.016
0.031
0.0
0.016
0.016
0.11
0.015
0.015
0.0
0.016
0.016
0.016
0.031
0.031
0.015
0.031
0.031
0.015
0.015
0.09399999999999997
0.016
0.016
0.016
0.016000000000000014
0.0
0.016
0.0
0.0
0.016
0.031
0.016
0.016
0.016
0.016
0.031
0.032
0.0
0.016
0.031
0.016
0.015
0.015
0.0
0.0
0.016
0.0
0.094
0.031
0.016
0.016
0.0
0.0
0.0
0.031
0.0
0.016
0.015
0.0
0.016
0.031
0.0
0.016
0.031
0.015
0.016
0.016
0.015
0.015
0.031
0.016
0.015
0.015
0.016
0.0
0.015
0.016
0.031
0.031
0.031
0.031
0.016
0.031
0.109
0.015
0.078
0.015
0.015
0.031
0.031
0.0
0.0
0.015
0.0
0.015
0.015
0.032
0.015
0.015
0.016
0.0
0.031
0.016
0.016
0.0
0.032
0.031
0.016
0.031
0.016000000000000014
0.0
0.0
0.016
0.016
0.031
0.016
0.016
0.078
0.094
0.0
0.015
0.031
0.016
0.0
0.015
0.016
0.015
0.03200000000000003
0.016
0.031
0.016
0.015
0.016
0.016
0.03200000000000003
0.016
0.031
0.0
0.015
0.0
0.0
0.016
0.0
0.016
0.016
0.0
0.016
0.016
0.016
0.0
0.031
0.016
0.016
0.016
0.031
0.0
0.015
0.016
0.015
0.015
0.016
0.031
0.031
0.015
0.015
0.031
0.015
0.016
0.016
0.0
0.0
0.015
0.016
0.015
0.047
0.016
0.015
0.031
0.015
0.0
0.016
