0.938
0.89
0.891
0.906
0.906
0.875
0.89
0.89
0.89
0.89
0.89
0.875
0.89
0.859
0.89
0.906
0.875
0.86
0.89
0.89
0.875
0.875
0.921
0.875
0.906
0.89
0.859
0.984
0.875
0.875
0.906
0.875
0.891
0.89
1.078
0.937
0.875
0.922
0.875
0.875
0.875
0.89
0.891
0.875
0.859
0.922
0.89
0.891
0.875
0.89
0.875
0.875
0.859
0.922
0.844
0.86
0.844
0.875
0.86
0.89
0.875
0.907
0.922
0.984
0.907
0.969
0.954
1.0
0.985
0.953
0.922
0.907
0.922
0.969
0.921
0.891
0.922
0.875
3.844
0.86
0.859
0.875
0.907
0.875
0.859
0.891
0.86
0.86
0.891
0.844
0.875
1.329
0.875
0.875
0.86
0.86
0.859
0.875
0.86
0.875
0.875
0.875
0.843
0.859
0.875
0.875
0.906
0.859
0.875
0.953
1.032
1.063
1.078
1.016
1.25
1.156
0.938
0.859
0.86
0.891
0.86
0.907
0.86
1.11
0.875
0.859
0.859
0.86
0.859
0.875
0.891
0.875
0.875
0.891
0.891
1.078
0.891
0.875
0.859
0.86
0.86
0.875
0.891
0.89
0.86
0.891
0.953
0.953
0.891
0.86
0.875
0.891
0.875
0.89
0.86
0.844
0.875
0.86
0.86
0.984
1.0
0.859
0.859
0.937
0.875
0.859
0.86
0.86
0.953
0.875
0.875
0.859
1.047
1.0
0.875
0.906
0.859
0.875
0.875
0.906
0.969
1.234
1.141
1.2349999999999999
1.141
0.907
1.11
1.094
1.141
1.2810000000000001
1.156
1.11
1.062
1.063
1.016
1.141
1.109
1.1400000000000001
0.969
0.968
0.985
0.969
1.0
0.953
1.328
1.094
1.391
1.75
1.6400000000000001
1.437
1.375
1.578
1.234
1.1400000000000001
1.016
0.985
1.0
1.0
0.969
1.062
1.015
1.1720000000000002
1.4689999999999999
1.75
1.343
1.359
1.5470000000000002
1.6560000000000001
1.297
1.484
1.297
1.703
1.797
1.75
1.969
2.266
1.672
0.969
0.906
0.891
1.141
0.938
0.969
1.109
0.938
0.938
0.954
0.953
0.953
0.969
0.953
0.906
0.89
0.907
0.938
1.0779999999999998
0.938
0.953
0.922
0.938
0.89
0.859
0.984
0.953
0.937
0.937
0.937
1.172
0.968
0.953
0.953
0.906
0.89
0.938
0.859
0.86
0.922
0.89
1.063
0.906
0.875
0.875
0.906
0.844
0.937
0.875
0.859
0.875
0.844
1.016
0.969
0.859
0.938
0.875
0.89
1.0
1.125
1.109
1.094
1.094
1.125
1.171
1.4060000000000001
1.4220000000000002
0.875
0.875
0.859
0.875
0.89
0.922
1.015
0.859
0.859
0.875
0.89
0.843
0.875
0.89
0.906
0.859
0.86
0.953
0.953
0.891
0.859
0.875
0.875
0.875
0.859
0.891
0.891
0.859
0.859
1.062
0.937
0.859
0.859
0.875
0.875
0.844
0.891
0.922
0.89
0.859
0.844
1.078
0.922
0.859
0.906
0.844
0.875
0.875
0.859
0.875
0.891
0.859
0.859
0.875
1.031
0.953
0.875
0.922
1.11
1.75
1.641
1.563
1.312
1.172
1.1400000000000001
1.204
1.0
0.875
0.859
0.891
0.875
0.859
0.891
0.906
0.875
0.875
1.047
0.938
0.89
0.891
0.86
0.938
0.86
0.86
0.937
0.843
1.032
0.953
0.859
0.906
0.875
0.875
0.875
0.859
0.922
0.875
0.86
0.875
1.094
0.89
0.875
0.875
0.937
1.125
1.031
1.094
1.1400000000000001
1.078
1.0
0.984
0.875
0.953
0.891
1.172
0.906
0.906
0.875
0.843
0.921
0.844
0.829
0.86
0.891
0.875
0.86
0.859
0.844
0.86
0.859
0.843
0.875
0.86
0.859
0.891
0.875
0.844
0.875
0.8280000000000001
0.89
0.875
0.859
0.859
0.891
0.859
0.859
0.875
0.875
0.859
0.891
1.015
1.0
0.985
1.078
0.875
0.875
0.844
0.844
0.875
0.859
0.844
0.86
0.875
0.844
0.89
0.859
0.844
0.844
0.844
0.844
0.875
0.859
0.875
0.875
0.875
0.844
0.875
0.86
0.86
0.86
0.875
0.891
0.86
0.859
0.86
0.875
0.875
0.859
0.859
0.891
0.859
0.906
0.859
0.859
0.86
0.844
0.875
