7.781
7.813
12.25
8.359
7.766
7.828
7.734
7.828
21.39
9.734
12.062
7.875
7.781
7.719
7.75
7.797
7.719
7.734
7.89
8.157
10.313
18.75
13.563
13.219
13.641
11.906
11.938
12.907
7.75
10.656
7.813
10.516
7.719
7.813
10.156
7.766
10.453
7.891
10.625
7.734
9.594
8.485
7.828
10.422
8.109
7.719
7.734
8.172
7.75
16.75
8.797
9.281
7.89
7.844
7.782
7.828
7.703
7.734
7.75
7.75
7.734
7.75
7.75
7.859
7.781
7.781
7.813
7.844
7.75
7.813
7.703
8.016
7.718
7.719
7.797
7.844
7.719
7.75
7.75
7.734
7.718
7.781
7.844
7.828
7.875
7.844
7.86
7.922
7.969
8.297
8.063
7.828
7.813
7.797
7.781
7.75
7.844
7.844
7.906
7.984
7.906
8.188
11.703
15.219
13.234
15.937
12.875
13.406
13.688
10.578
7.891
10.562
7.828
11.015
7.765
7.734
10.609
11.531
11.484
8.0
19.079
22.953
8.422
8.704
8.625
8.484
8.532
8.343
9.594
9.563
10.281
10.406
9.11
8.063
8.094
8.953
8.11
7.969
8.0
7.953
8.063
8.313
8.078
10.5
8.063
10.875
8.078
10.531
7.938
11.078
7.937
10.734
8.0
10.234
8.0
10.297
8.0
10.109
8.157
10.469
8.391
10.657
10.968
7.938
10.766
7.985
7.954
7.953
8.203
8.0
8.016
8.094
8.234
8.141
8.14
8.187
7.937
8.032
7.968
10.922
7.844
10.859
7.985
7.984
11.063
8.047
10.61
8.078
9.719
8.187
8.156
8.047
7.984
8.141
8.016
7.984
7.891
7.937
7.875
7.906
8.0
8.094
8.079
8.031
8.156
8.234
8.0
8.297
7.89
8.0
8.328
8.047
8.078
8.266
8.188
8.218
8.516
8.281
8.453
8.25
8.265
8.297
8.031
8.047
18.859
14.406
13.844
14.094
13.781
15.5
9.969
10.297
7.906
10.328
7.984
10.906
7.922
10.891
8.156
10.688
8.265
11.031
7.922
10.656
7.953
10.422
7.844
7.906
10.328
11.0
7.922
10.766
8.0
10.422
7.734
7.828
10.391
9.875
8.344
7.781
9.734
7.765
8.047
7.797
7.954
8.172
7.968
7.813
7.766
7.75
7.922
7.859
7.968
8.156
8.187
7.953
7.906
7.875
7.781
7.828
8.188
8.25
8.578
7.937
7.812
7.813
7.828
7.781
7.875
8.266
8.047
7.89
7.906
7.844
7.782
7.766
7.828
7.797
7.797
7.891
7.953
7.765
7.828
7.765
7.844
7.812
8.25
7.797
7.875
16.563
8.344
11.234
10.875
8.391
11.078
13.562
10.922
10.11
7.734
8.531
7.765
7.797
7.812
7.75
7.907
8.516
8.047
8.313
8.61
8.766
8.516
8.407
8.297
8.64
8.328
8.328
8.219
7.985
7.969
7.922
8.016
8.0
8.157
8.594
7.844
7.813
8.047
7.891
8.109
7.843
7.797
7.781
7.797
7.859
7.828
7.828
7.781
7.796
7.968
7.844
8.672
11.109
14.047
10.593
11.0
10.437
7.828
7.796
7.797
7.875
7.797
7.813
8.234
7.922
7.766
7.875
7.75
7.781
7.812
7.75
7.844
7.781
7.828
7.812
7.766
7.937
7.828
10.187
15.125
13.312
7.844
7.765
7.766
7.766
7.797
8.14
8.281
7.953
7.828
7.86
8.0
7.765
7.875
9.266
20.25
13.437
11.062
13.266
13.422
10.984
11.265
13.516
7.969
10.344
7.921
10.734
8.25
7.968
10.781
8.594
10.594
8.235
7.813
10.531
7.829
7.75
10.469
7.812
11.218
7.797
9.297
7.766
7.797
13.641
10.921
10.234
7.938
7.703
7.843
7.844
7.844
7.703
7.75
7.75
7.844
7.765
7.703
7.672
8.0
7.75
7.781
14.344
8.532
10.422
11.0
8.25
11.234
8.328
11.812
10.813
8.344
10.859
8.734
7.812
7.843
8.156
7.828
7.797
7.891
7.875
7.906
7.844
7.797
7.782
7.781
7.782
7.766
7.828
7.859
7.812
7.781
7.906
7.813
7.813
7.813
7.891
7.875
7.875
7.875
7.828
7.828
7.828
7.844
7.906
7.844
7.891
8.032
7.875
7.875
7.921
