610296.0
651997.0
621014.0
651997.0
640876.0
662780.0
651997.0
620373.0
662780.0
662780.0
640876.0
640876.0
630789.0
663512.0
662780.0
630789.0
651997.0
630789.0
651997.0
641560.0
651997.0
630789.0
651997.0
630789.0
641560.0
675440.0
641560.0
663512.0
651997.0
620373.0
630127.0
640876.0
640876.0
640876.0
662780.0
651997.0
651997.0
674682.0
641560.0
651997.0
651997.0
663512.0
652705.0
640876.0
651997.0
641560.0
651997.0
574156.0
651997.0
640876.0
651997.0
663512.0
640876.0
652705.0
641560.0
651997.0
651997.0
641560.0
651997.0
662780.0
640876.0
630789.0
652705.0
640876.0
621014.0
651997.0
641560.0
663512.0
651997.0
630789.0
662780.0
630789.0
641560.0
641560.0
640876.0
651997.0
651997.0
630789.0
583066.0
592258.0
641560.0
620373.0
630789.0
549992.0
610916.0
574156.0
640876.0
621014.0
620373.0
640876.0
630789.0
651997.0
641560.0
651997.0
651997.0
641560.0
663512.0
640876.0
651997.0
641560.0
640876.0
630789.0
641560.0
663512.0
663512.0
641560.0
651997.0
630789.0
640876.0
663512.0
641560.0
641560.0
591675.0
651997.0
663512.0
651997.0
651997.0
640876.0
652705.0
651997.0
651997.0
640876.0
652705.0
640876.0
641560.0
663512.0
641560.0
640876.0
630789.0
651997.0
630789.0
651997.0
640876.0
651997.0
651997.0
641560.0
640876.0
641560.0
640876.0
663512.0
663512.0
651997.0
651997.0
651997.0
640876.0
652705.0
651997.0
652705.0
630127.0
663512.0
663512.0
620373.0
651997.0
640876.0
621014.0
610916.0
640876.0
640876.0
662780.0
630789.0
651997.0
640876.0
652705.0
663512.0
651997.0
620373.0
574156.0
652705.0
663512.0
651997.0
651997.0
663512.0
641560.0
651997.0
662780.0
651997.0
641560.0
652705.0
651997.0
663512.0
640876.0
630789.0
620373.0
620373.0
601142.0
620373.0
630789.0
610296.0
610296.0
651997.0
651997.0
620373.0
630789.0
640876.0
640876.0
610916.0
630789.0
630789.0
630789.0
630789.0
640876.0
630127.0
640876.0
610296.0
630789.0
582501.0
640876.0
591675.0
630789.0
630789.0
620373.0
621014.0
630789.0
620373.0
610916.0
663512.0
640876.0
652705.0
582501.0
662780.0
651997.0
641560.0
641560.0
651997.0
651997.0
663512.0
640876.0
640876.0
651997.0
641560.0
630789.0
621014.0
630789.0
610916.0
652705.0
630789.0
630789.0
641560.0
651997.0
662780.0
630789.0
630127.0
651997.0
651997.0
640876.0
651997.0
663512.0
630789.0
651997.0
651997.0
651997.0
651997.0
651997.0
651997.0
651997.0
662780.0
640876.0
651997.0
630789.0
641560.0
620373.0
601142.0
601142.0
630789.0
652705.0
651997.0
630789.0
663512.0
630789.0
651997.0
662780.0
651997.0
651997.0
610296.0
630789.0
651997.0
641560.0
651997.0
630789.0
651997.0
641560.0
663512.0
651997.0
620373.0
610916.0
641560.0
610916.0
641560.0
620373.0
601142.0
663512.0
630789.0
651997.0
651997.0
663512.0
663512.0
630127.0
663512.0
651997.0
652705.0
651997.0
652705.0
651997.0
610916.0
641560.0
641560.0
663512.0
493548.0
630789.0
583066.0
641560.0
675440.0
641560.0
630789.0
641560.0
651997.0
651997.0
651997.0
610296.0
610916.0
663512.0
651997.0
663512.0
651997.0
651997.0
651997.0
630789.0
651997.0
641560.0
662780.0
630789.0
641560.0
641560.0
663512.0
651997.0
630789.0
641560.0
640876.0
601142.0
651997.0
651997.0
663512.0
630789.0
640876.0
651997.0
651997.0
640876.0
652705.0
640876.0
651997.0
641560.0
651997.0
640876.0
641560.0
651997.0
662780.0
662780.0
651997.0
640876.0
652705.0
630789.0
630789.0
641560.0
610916.0
652705.0
640876.0
663512.0
640876.0
663512.0
663512.0
663512.0
651997.0
651997.0
640876.0
651997.0
641560.0
651997.0
610296.0
651997.0
640876.0
651997.0
663512.0
641560.0
663512.0
651997.0
651997.0
651997.0
651997.0
640876.0
640876.0
662780.0
651997.0
651997.0
651997.0
651997.0
651997.0
640876.0
651997.0
663512.0
651997.0
621014.0
651997.0
663512.0
663512.0
651997.0
640876.0
640876.0
652705.0
651997.0
651997.0
630127.0
651997.0
630789.0
640876.0
583066.0
601142.0
583066.0
534348.0
542057.0
641560.0
437194.0
592258.0
499702.0
520019.0
506438.0
519569.0
427554.0
432476.0
640876.0
592258.0
377127.0
352990.0
326175.0
463486.0
506011.0
463486.0
422744.0
651997.0
566047.0
630789.0
630789.0
493143.0
565514.0
630789.0
549489.0
630789.0
565514.0
651997.0
566047.0
641560.0
557645.0
591675.0
651997.0
641560.0
566047.0
574156.0
640876.0
574156.0
630789.0
557645.0
651997.0
541569.0
663512.0
566047.0
662780.0
557645.0
663512.0
549489.0
640876.0
549992.0
652705.0
542057.0
651997.0
557645.0
641560.0
565514.0
630789.0
549992.0
630789.0
541569.0
534348.0
630789.0
534348.0
620373.0
542057.0
651997.0
534348.0
652705.0
526855.0
662780.0
512919.0
651997.0
566047.0
651997.0
640876.0
651997.0
641560.0
640876.0
640876.0
651997.0
