0.985
0.922
0.968
0.922
0.938
0.907
0.922
0.969
0.907
0.907
0.938
0.938
0.953
0.906
0.907
0.953
0.922
0.953
0.922
0.937
0.922
0.953
0.922
0.953
0.937
0.89
0.937
0.906
0.922
0.969
0.954
0.938
0.938
0.938
0.907
0.922
0.922
0.891
0.937
0.922
0.922
0.906
0.921
0.938
0.922
0.937
0.922
1.047
0.922
0.938
0.922
0.906
0.938
0.921
0.937
0.922
0.922
0.937
0.922
0.907
0.938
0.953
0.921
0.938
0.968
0.922
0.937
0.906
0.922
0.953
0.907
0.953
0.937
0.937
0.938
0.922
0.922
0.953
1.031
1.015
0.937
0.969
0.953
1.093
0.984
1.0470000000000002
0.938
0.968
0.969
0.938
0.953
0.922
0.937
0.922
0.922
0.937
0.906
0.938
0.922
0.937
0.938
0.953
0.937
0.906
0.906
0.937
0.922
0.953
0.938
0.906
0.937
0.937
1.016
0.922
0.906
0.922
0.922
0.938
0.921
0.922
0.922
0.938
0.921
0.938
0.937
0.906
0.937
0.938
0.953
0.922
0.953
0.922
0.938
0.922
0.922
0.937
0.938
0.937
0.938
0.906
0.906
0.922
0.922
0.922
0.938
0.921
0.922
0.921
0.954
0.906
0.906
0.969
0.922
0.938
0.968
0.984
0.938
0.938
0.907
0.953
0.922
0.938
0.921
0.906
0.922
0.969
1.047
0.921
0.906
0.922
0.922
0.906
0.937
0.922
0.907
0.922
0.937
0.921
0.922
0.906
0.938
0.953
0.969
0.969
1.0
0.969
0.953
0.985
0.985
0.922
0.922
0.969
0.953
0.938
0.938
0.984
0.953
0.953
0.953
0.953
0.938
0.954
0.938
0.985
0.953
1.032
0.938
1.016
0.953
0.953
0.969
0.968
0.953
0.969
0.984
0.906
0.938
0.921
1.032
0.907
0.922
0.937
0.937
0.922
0.922
0.906
0.938
0.938
0.922
0.937
0.953
0.968
0.953
0.984
0.921
0.953
0.953
0.937
0.922
0.907
0.953
0.954
0.922
0.922
0.938
0.922
0.906
0.953
0.922
0.922
0.922
0.922
0.922
0.922
0.922
0.907
0.938
0.922
0.953
0.937
0.969
1.0
1.0
0.953
0.921
0.922
0.953
0.906
0.953
0.922
0.907
0.922
0.922
0.985
0.953
0.922
0.937
0.922
0.953
0.922
0.937
0.906
0.922
0.969
0.984
0.937
0.984
0.937
0.969
1.0
0.906
0.953
0.922
0.922
0.906
0.906
0.954
0.906
0.922
0.921
0.922
0.921
0.922
0.984
0.937
0.937
0.906
1.218
0.953
1.031
0.937
0.89
0.937
0.953
0.937
0.922
0.922
0.922
0.985
0.984
0.906
0.922
0.906
0.922
0.922
0.922
0.953
0.922
0.937
0.907
0.953
0.937
0.937
0.906
0.922
0.953
0.937
0.938
1.0
0.922
0.922
0.906
0.953
0.938
0.922
0.922
0.938
0.921
0.938
0.922
0.937
0.922
0.938
0.937
0.922
0.907
0.907
0.922
0.938
0.921
0.953
0.953
0.937
0.984
0.921
0.938
0.906
0.938
0.906
0.906
0.906
0.922
0.922
0.938
0.922
0.937
0.922
0.985
0.922
0.938
0.922
0.906
0.937
0.906
0.922
0.922
0.922
0.922
0.938
0.938
0.907
0.922
0.922
0.922
0.922
0.922
0.938
0.922
0.906
0.922
0.968
0.922
0.906
0.906
0.922
0.938
0.938
0.921
0.922
0.922
0.954
0.922
0.953
0.938
1.031
1.0
1.031
1.125
1.109
0.937
1.375
1.015
1.203
1.156
1.187
1.157
1.4060000000000001
1.3900000000000001
0.938
1.015
1.5939999999999999
1.703
1.843
1.297
1.188
1.2970000000000002
1.422
0.922
1.062
0.953
0.953
1.219
1.063
0.953
1.094
0.953
1.063
0.922
1.062
0.937
1.078
1.016
0.922
0.937
1.062
1.047
0.938
1.047
0.953
1.078
0.922
1.11
0.906
1.062
0.907
1.078
0.906
1.094
0.938
1.093
0.921
1.109
0.922
1.078
0.937
1.063
0.953
1.093
0.953
1.11
1.125
0.953
1.125
0.969
1.109
0.922
1.125
0.921
1.141
0.907
1.172
0.922
1.062
0.922
0.938
0.922
0.937
0.938
0.938
0.922
