765.0
688.0
284.0
290.0
286.0
288.0
671.0
728.0
1972.0
711.0
1396.0
1103.0
290.0
578.0
424.0
288.0
283.0
284.0
290.0
437.0
286.0
282.0
286.0
285.0
1398.0
573.0
437.0
428.0
717.0
566.0
721.0
438.0
287.0
289.0
716.0
424.0
710.0
282.0
286.0
715.0
722.0
287.0
103.0
724.0
284.0
713.0
288.0
709.0
1396.0
16876.0
1820.0
709.0
1799.0
712.0
1813.0
706.0
706.0
1791.0
1778.0
1717.0
1724.0
687.0
681.0
692.0
703.0
1065.0
1698.0
1705.0
430.0
1673.0
1686.0
681.0
1692.0
676.0
1679.0
676.0
679.0
679.0
671.0
674.0
615.0
1655.0
915.0
1643.0
1866.0
674.0
1661.0
617.0
619.0
621.0
600.0
619.0
1543.0
1528.0
1533.0
1538.0
1488.0
865.0
611.0
1523.0
615.0
1822.0
611.0
873.0
608.0
606.0
1450.0
1441.0
1446.0
586.0
602.0
602.0
604.0
787.0
1419.0
1427.0
1055.0
580.0
580.0
584.0
428.0
597.0
426.0
1410.0
619.0
619.0
1929.0
687.0
823.0
825.0
584.0
781.0
580.0
913.0
580.0
1372.0
578.0
815.0
707.0
1367.0
1376.0
573.0
565.0
1363.0
571.0
1299.0
1355.0
569.0
1359.0
571.0
564.0
1702.0
546.0
574.0
544.0
1555.0
565.0
541.0
543.0
1038.0
582.0
851.0
1136.0
783.0
536.0
746.0
213.0
746.0
835.0
964.0
177.0
1813.0
746.0
746.0
835.0
744.0
666.0
831.0
252.0
818.0
904.0
1155.0
1393.0
899.0
522.0
822.0
754.0
824.0
897.0
244.0
946.0
904.0
890.0
873.0
875.0
749.0
517.0
516.0
827.0
734.0
745.0
721.0
998.0
543.0
749.0
201.0
622.0
875.0
721.0
719.0
790.0
721.0
505.0
791.0
218.0
993.0
217.0
505.0
167.0
2143.0
220.0
505.0
554.0
1901.0
218.0
217.0
568.0
557.0
1013.0
220.0
553.0
192.0
555.0
322.0
568.0
556.0
1008.0
407.0
217.0
218.0
216.0
555.0
337.0
321.0
217.0
321.0
330.0
217.0
220.0
216.0
707.0
217.0
821.0
405.0
569.0
1459.0
329.0
552.0
722.0
547.0
910.0
549.0
404.0
216.0
1004.0
404.0
505.0
716.0
1495.0
507.0
911.0
507.0
927.0
871.0
790.0
1495.0
871.0
718.0
238.0
871.0
786.0
1241.0
927.0
786.0
238.0
1498.0
703.0
871.0
865.0
785.0
1755.0
857.0
857.0
217.0
705.0
507.0
1463.0
865.0
236.0
999.0
501.0
1105.0
553.0
3119.0
501.0
865.0
993.0
853.0
857.0
217.0
236.0
773.0
857.0
763.0
853.0
674.0
679.0
845.0
1215.0
855.0
217.0
771.0
233.0
771.0
768.0
1738.0
496.0
853.0
1463.0
845.0
496.0
1310.0
547.0
1133.0
555.0
81.0
811.0
214.0
217.0
453.0
524.0
1025.0
348.0
798.0
452.0
612.0
358.0
210.0
216.0
555.0
531.0
212.0
347.0
531.0
210.0
298.0
211.0
454.0
297.0
211.0
758.0
530.0
441.0
297.0
757.0
296.0
444.0
294.0
295.0
751.0
295.0
294.0
443.0
735.0
293.0
438.0
293.0
732.0
614.0
360.0
612.0
346.0
534.0
530.0
213.0
211.0
347.0
212.0
210.0
211.0
347.0
213.0
616.0
81.0
642.0
530.0
318.0
454.0
528.0
358.0
347.0
614.0
813.0
347.0
533.0
81.0
532.0
351.0
454.0
211.0
97.0
213.0
350.0
406.0
813.0
346.0
208.0
212.0
351.0
528.0
611.0
1023.0
351.0
527.0
610.0
366.0
209.0
524.0
208.0
526.0
345.0
421.0
348.0
206.0
354.0
556.0
209.0
366.0
418.0
80.0
98.0
357.0
81.0
352.0
344.0
345.0
406.0
207.0
82.0
353.0
344.0
357.0
350.0
352.0
343.0
209.0
350.0
610.0
352.0
81.0
81.0
98.0
350.0
614.0
343.0
207.0
357.0
343.0
511.0
80.0
206.0
350.0
356.0
80.0
80.0
97.0
344.0
345.0
345.0
342.0
610.0
345.0
344.0
345.0
343.0
817.0
80.0
342.0
206.0
344.0
344.0
345.0
206.0
343.0
818.0
293.0
345.0
1376.0
343.0
706.0
