2.9650
2.5460
2.8410
3.0660
1.6180
3.0660
3.1750
2.6200
2.7540
4.8090
1.8570
4.2710
1.6180
4.2300
1.6640
2.4090
4.1150
4.0070
2.3470
1.5750
1.5350
1.4950
2.3060
3.5680
2.3060
3.8390
2.2490
3.7440
3.6840
2.1420
1.4350
1.4460
1.4230
3.2870
2.0760
1.3370
2.0610
3.4340
1.3890
1.3260
1.3680
1.9990
3.4090
3.3350
1.9990
3.2170
1.3470
1.9010
1.2880
3.1720
3.1080
3.0050
1.2690
1.8110
1.2510
1.7870
1.2080
1.2250
1.2080
2.9860
2.9470
1.1450
2.9090
2.8910
1.1840
2.8730
2.8370
2.8540
1.1230
1.4280
1.4430
2.6580
1.3490
.8780
1.2430
2.1440
2.1540
.8320
.8400
.8160
1.2380
2.0860
.7570
1.9350
.7910
1.3350
.5290
.3130
.8000
.7770
.7910
2.0390
1.1990
1.1630
1.9770
.5340
.7770
1.3200
.7510
.7700
2.0120
1.9440
1.1380
1.9190
1.1060
.9670
1.1950
.9700
.9630
1.1440
.5900
.9470
.9500
.9430
.9570
1.5800
.9400
.6120
.6080
.6040
1.5690
1.2270
.8670
.6910
.9080
1.5530
.7230
.6040
.6000
.8900
.8990
.5760
1.4820
1.5170
.5940
2.0430
.5860
.8730
.8620
.5840
.2700
1.4400
.5720
1.4360
1.4180
.5670
.8450
.8430
.5580
.8320
.8300
.8200
.5630
.8270
.8100
.8220
.5580
.8030
1.3750
.5540
.5480
.5510
.8080
1.3350
.5410
1.3510
.7960
1.3430
1.3270
1.2900
.5250
.7730
1.0380
1.3010
.7580
1.2970
1.2720
.5140
.5220
.5090
.7470
.5150
1.2580
1.2510
1.1530
.7370
.5110
.7290
.7350
.7330
.5020
1.2080
.7120
.7170
.4970
.4990
1.1220
.4910
.4940
.7060
.4880
.7000
1.1920
.4830
.7000
.6950
.4800
.6970
.4590
.6930
.6880
.4740
.6900
1.1590
1.1410
.4710
.4690
.6830
1.1440
1.1390
1.1270
1.1360
1.1390
1.1300
.4550
1.1330
1.1330
.4480
1.1220
.4520
1.1250
1.1250
1.1160
.3190
.3170
.4880
.8250
.4860
.3170
.7980
.3110
.4790
.9820
.8180
.4750
.8170
.7990
.3160
.4750
.8020
.3150
.3130
.2440
.4560
.2630
.2230
.4540
.2100
.3340
.2430
.5290
.2570
.2560
.2090
.6190
.4530
.2070
.2550
.2230
.7430
.5260
.2560
.3360
.2420
.7760
.2090
.2090
.3340
.3320
.4190
.5250
.6430
.4890
.6790
.3660
.3100
.2540
.3090
.8050
.2210
.2080
.6420
.5610
.3690
.3860
.2210
.6410
.2070
.5610
.2600
.3090
.6400
.6380
.3080
.7860
.3290
.2060
.3970
.3300
.6570
.4040
.2180
.6370
.5220
.2190
.7510
.2070
.2290
.2060
.7360
.3150
.3120
.7370
.3060
.8020
.5600
.3300
.4010
.3510
.2410
.7990
.2190
.2400
.3070
.7930
.5560
.7320
.5190
.3290
.2620
.2030
.2390
.2390
960.
.7960
.2180
.2040
.6090
.3290
.2620
.5550
.7950
.2040
.2370
.4020
.3270
.2360
.5170
.3040
1.5930
.5520
.7860
.2380
.5160
.2620
.5250
.3500
.7150
.2170
.2610
.2380
.3500
.6550
.6580
.4370
.2610
.3490
.7150
.7870
.3250
.2360
.5130
.2370
.6030
.2610
.6600
.2000
.2350
.3200
.5140
.2610
.3220
.7160
.5130
.3240
.2610
.3480
.7020
.2130
.5100
.4080
.7160
.2600
.2140
.2360
.2020
1.5920
1.8780
1.8780
.7000
1.5920
1.5920
1.5920
1.5920
.9400
1.5920
.9870
.8430
1.4170
.8430
1.5920
1.5920
1.5920
1.4170
.8430
.7000
1.2730
.8430
.7000
.5570
1.4170
.3240
.2700
.6820
.2700
.7000
.8430
.5440
.6540
.6090
.5120
.7020
.2570
.5330
.7160
.5110
.2360
.2020
.9410
.5370
.5100
.7020
.3190
.2570
.8580
.2120
.2290
.6020
.2100
.7770
.3470
.7020
.2120
.2570
.5090
.2290
.9410
.5390
.7020
.5100
.2000
.6990
.2120
.2570
.2250
.2000
.6450
.5310
.2570
.5370
.6930
.5090
.2110
.7770
.5080
.2180
.6910
940.
.7770
.5350
.5060
.2200
.2110
.2570
.2250
.5070
.7770
.2100
.6020
.2220
