.7650
.6880
.2840
.2900
.2860
.2880
.6710
.7280
1.9720
.7110
1.3960
1.1030
.2900
.5780
.4240
.2880
.2830
.2840
.2900
.4370
.2860
.2820
.2860
.2850
1.3980
.5730
.4370
.4280
.7170
.5660
.7210
.4380
.2870
.2890
.7160
.4240
.7100
.2820
.2860
.7150
.7220
.2870
.1030
.7240
.2840
.7130
.2880
.7090
1.3960
16.8760
1.8200
.7090
1.7990
.7120
1.8130
.7060
.7060
1.7910
1.7780
1.7170
1.7240
.6870
.6810
.6920
.7030
1.0650
1.6980
1.7050
.4300
1.6730
1.6860
.6810
1.6920
.6760
1.6790
.6760
.6790
.6790
.6710
.6740
.6150
1.6550
.9150
1.6430
1.8660
.6740
1.6610
.6170
.6190
.6210
.6000
.6190
1.5430
1.5280
1.5330
1.5380
1.4880
.8650
.6110
1.5230
.6150
1.8220
.6110
.8730
.6080
.6060
1.4500
1.4410
1.4460
.5860
.6020
.6020
.6040
.7870
1.4190
1.4270
1.0550
.5800
.5800
.5840
.4280
.5970
.4260
1.4100
.6190
.6190
1.9290
.6870
.8230
.8250
.5840
.7810
.5800
.9130
.5800
1.3720
.5780
.8150
.7070
1.3670
1.3760
.5730
.5650
1.3630
.5710
1.2990
1.3550
.5690
1.3590
.5710
.5640
1.7020
.5460
.5740
.5440
1.5550
.5650
.5410
.5430
1.0380
.5820
.8510
1.1360
.7830
.5360
.7460
.2130
.7460
.8350
.9640
.1770
1.8130
.7460
.7460
.8350
.7440
.6660
.8310
.2520
.8180
.9040
1.1550
1.3930
.8990
.5220
.8220
.7540
.8240
.8970
.2440
.9460
.9040
.8900
.8730
.8750
.7490
.5170
.5160
.8270
.7340
.7450
.7210
.9980
.5430
.7490
.2010
.6220
.8750
.7210
.7190
.7900
.7210
.5050
.7910
.2180
.9930
.2170
.5050
.1670
2.1430
.2200
.5050
.5540
1.9010
.2180
.2170
.5680
.5570
1.0130
.2200
.5530
.1920
.5550
.3220
.5680
.5560
1.0080
.4070
.2170
.2180
.2160
.5550
.3370
.3210
.2170
.3210
.3300
.2170
.2200
.2160
.7070
.2170
.8210
.4050
.5690
1.4590
.3290
.5520
.7220
.5470
.9100
.5490
.4040
.2160
1.0040
.4040
.5050
.7160
1.4950
.5070
.9110
.5070
.9270
.8710
.7900
1.4950
.8710
.7180
.2380
.8710
.7860
1.2410
.9270
.7860
.2380
1.4980
.7030
.8710
.8650
.7850
1.7550
.8570
.8570
.2170
.7050
.5070
1.4630
.8650
.2360
.9990
.5010
1.1050
.5530
3.1190
.5010
.8650
.9930
.8530
.8570
.2170
.2360
.7730
.8570
.7630
.8530
.6740
.6790
.8450
1.2150
.8550
.2170
.7710
.2330
.7710
.7680
1.7380
.4960
.8530
1.4630
.8450
.4960
1.3100
.5470
1.1330
.5550
810.
.8110
.2140
.2170
.4530
.5240
1.0250
.3480
.7980
.4520
.6120
.3580
.2100
.2160
.5550
.5310
.2120
.3470
.5310
.2100
.2980
.2110
.4540
.2970
.2110
.7580
.5300
.4410
.2970
.7570
.2960
.4440
.2940
.2950
.7510
.2950
.2940
.4430
.7350
.2930
.4380
.2930
.7320
.6140
.3600
.6120
.3460
.5340
.5300
.2130
.2110
.3470
.2120
.2100
.2110
.3470
.2130
.6160
810.
.6420
.5300
.3180
.4540
.5280
.3580
.3470
.6140
.8130
.3470
.5330
810.
.5320
.3510
.4540
.2110
970.
.2130
.3500
.4060
.8130
.3460
.2080
.2120
.3510
.5280
.6110
1.0230
.3510
.5270
.6100
.3660
.2090
.5240
.2080
.5260
.3450
.4210
.3480
.2060
.3540
.5560
.2090
.3660
.4180
800.
980.
.3570
810.
.3520
.3440
.3450
.4060
.2070
820.
.3530
.3440
.3570
.3500
.3520
.3430
.2090
.3500
.6100
.3520
810.
810.
980.
.3500
.6140
.3430
.2070
.3570
.3430
.5110
800.
.2060
.3500
.3560
800.
800.
970.
.3440
.3450
.3450
.3420
.6100
.3450
.3440
.3450
.3430
.8170
800.
.3420
.2060
.3440
.3440
.3450
.2060
.3430
.8180
.2930
.3450
1.3760
.3430
.7060
