.1280
510.
500.
510.
510.
510.
.1260
.1100
510.
500.
510.
500.
.1220
400.
500.
510.
.1330
500.
410.
500.
390.
500.
510.
500.
500.
510.
500.
510.
500.
370.
710.
500.
.4920
500.
370.
740.
710.
710.
.8000
740.
.6170
370.
480.
1.0760
.8270
740.
500.
.4430
.1020
.8120
480.
.1010
.3210
1.3390
440.
.8250
1.3230
.6730
.8080
260.
740.
.7970
.6620
.4820
.3960
690.
1.3080
.6540
.6780
690.
.4870
.1140
700.
.6820
710.
760.
.3930
.1180
.5820
690.
710.
1.5650
680.
.2780
680.
.2270
790.
1.0660
.6660
930.
.8210
.1690
500.
.8060
820.
.6570
2.5180
.1070
.8740
750.
710.
.3890
680.
.6750
.8170
790.
1.2000
800.
830.
1.0390
.1010
.8020
.6640
780.
2.5180
480.
2.8710
620.
.6550
.3040
740.
2.3830
510.
1.8640
480.
790.
.3010
.1200
740.
.1120
1.5760
.1160
.3230
730.
1.3100
500.
370.
.2540
500.
1.2000
1.0390
510.
500.
.2290
240.
.8690
.2220
.2680
.2290
.2820
.2590
.6730
.2990
510.
1.4370
.2260
.2220
480.
.2590
.1220
700.
510.
.3230
380.
510.
.2190
510.
.1090
.2260
.3160
.3100
710.
710.
500.
560.
.2180
.2370
480.
.2340
.2770
.3100
.2930
.3160
.2120
.1050
.2930
.2090
390.
.2420
710.
.2500
690.
710.
510.
680.
.2720
.2180
.2500
690.
.5630
480.
690.
930.
690.
700.
.3950
700.
.3190
.4640
690.
2.0410
480.
480.
.1140
.4390
.2080
490.
1.9590
.2050
.3600
.3440
.2080
480.
350.
.2080
.3770
.2770
1.7790
.3680
330.
1.1170
.1220
.2080
.7140
.1280
680.
480.
.2410
.6550
.2120
510.
1.9930
480.
.9190
.2150
480.
.2910
480.
.5260
.2190
.7480
.2880
510.
.6830
500.
.4930
480.
.3300
.6060
.2330
.8250
.3040
.5630
.2420
.1050
.5260
.2370
.4160
920.
400.
.4930
680.
.2460
.4640
.2010
.6060
480.
.3600
.2010
.5840
.3440
.1800
.5440
.2010
.1060
.4060
.2820
320.
600.
480.
.6560
.2630
550.
.9200
.1070
.4510
.7850
250.
.1780
.2040
480.
.3520
.1050
.5090
.3370
.2050
.1860
510.
770.
220.
5.5430
480.
220.
.1760
480.
.1540
480.
480.
480.
1.1180
.1780
2.0650
.1610
.1980
.1880
.1800
6.3170
.3680
.3520
.3300
.1580
.1530
340.
480.
480.
480.
480.
.8700
.6840
.3370
.1610
.1540
.1910
.1820
.1760
.3860
480.
480.
.7140
480.
610.
480.
480.
1.4390
.4270
.4790
.1530
.1590
.1940
.1660
480.
480.
480.
480.
.1980
480.
480.
480.
3.9260
.1740
.4390
.1880
240.
.1590
.1650
.1680
480.
1.9330
480.
480.
.5440
480.
.1070
320.
.1840
6.8310
.4790
.4160
280.
.1700
480.
.8700
480.
.1950
480.
.2150
480.
480.
3.1530
.1820
.1490
.2990
.1630
.1650
480.
480.
480.
480.
.1910
480.
480.
480.
360.
5.4220
480.
350.
740.
490.
3.9420
.4810
.1450
.2880
.3960
.2630
.1490
.2730
.2680
.1500
.1790
6.8780
.1580
280.
.1840
.1700
.1740
480.
.1770
.1930
.6300
340.
480.
1.3150
1.7850
.1470
.1720
.8260
.9770
.1930
480.
480.
2.0490
.2080
480.
.1440
3.1530
480.
.1420
.3280
5.4220
480.
480.
480.
480.
.2090
480.
220.
480.
.1470
.1420
.1450
.1440
.1450
230.
230.
.1500
.1660
.1630
.3860
.3770
.9770
.4060
480.
.1680
.7480
480.
.1720
.1560
.1510
.5840
.1860
.5090
480.
.1950
.4520
.6300
.7850
.2040
.4270
.1840
1.9660
