24578.0
17479.0
59363.0
20567.0
2343.0
1923.0
2592.0
2823.0
989.0
2174.0
2672.0
2651.0
2687.0
2084.0
2719.0
568.0
10204.0
58.0
3845.0
2756.0
2799.0
60.0
193.0
2692.0
2735.0
8327.0
2000.0
59.0
1110.0
2303.0
2966.0
2431.0
2592.0
54.0
3153.0
2148.0
1944.0
2047.0
2023.0
2941.0
7609.0
8141.0
1989.0
2868.0
2334.0
2996.0
2631.0
2465.0
54.0
2500.0
2893.0
2188.0
2035.0
2071.0
2414.0
2160.0
58.0
72.0
1956.0
2555.0
2288.0
2215.0
2536.0
2258.0
63.0
738.0
2482.0
2229.0
66.0
1804.0
1966.0
2244.0
63.0
656.0
62.0
1862.0
1842.0
1912.0
1902.0
1651.0
1882.0
1832.0
596.0
1823.0
54.0
1643.0
425.0
1872.0
62.0
63.0
54.0
11382.0
11382.0
988.0
513.0
67.0
986.0
65.0
426.0
54.0
61.0
13457.0
62.0
66.0
1605.0
62.0
54.0
754.0
658.0
62.0
62.0
63.0
63.0
66.0
54.0
54.0
426.0
65.0
980.0
1708.0
63.0
63.0
512.0
463.0
170.0
61.0
75.0
60.0
71.0
53.0
186.0
55.0
28.0
187.0
55.0
66.0
55.0
55.0
66.0
55.0
60.0
55.0
756.0
494.0
66.0
2498.0
55.0
1011.0
88.0
247.0
54.0
105.0
1576.0
1262.0
55.0
2634.0
73.0
158.0
55.0
63.0
93.0
55.0
1764.0
55.0
1156.0
1003.0
56.0
163.0
55.0
72.0
62.0
55.0
843.0
30.0
62.0
292.0
78.0
663.0
282.0
801.0
82.0
590.0
55.0
62.0
64.0
64.0
66.0
62.0
62.0
843.0
61.0
150.0
62.0
62.0
728.0
62.0
511.0
62.0
59.0
890.0
286.0
61.0
59.0
61.0
58.0
763.0
60.0
28.0
385.0
59.0
465.0
728.0
426.0
693.0
351.0
61.0
58.0
61.0
511.0
61.0
9487.0
61.0
548.0
187.0
61.0
693.0
187.0
590.0
56.0
637.0
58.0
60.0
367.0
613.0
426.0
613.0
287.0
61.0
57.0
61.0
495.0
672.0
58.0
60.0
60.0
528.0
3462.0
185.0
60.0
548.0
229.0
55.0
55.0
192.0
185.0
55.0
495.0
197.0
1167.0
54.0
4281.0
1941.0
184.0
54.0
3621.0
1263.0
1509.0
54.0
2237.0
115.0
54.0
54.0
1372.0
54.0
54.0
480.0
161.0
277.0
226.0
55.0
56.0
359.0
55.0
55.0
55.0
56.0
55.0
316.0
55.0
162.0
25.0
213.0
57.0
194.0
55.0
55.0
322.0
95.0
55.0
1158.0
57.0
763.0
26.0
637.0
55.0
1579.0
232.0
184.0
55.0
57.0
219.0
85.0
55.0
55.0
70.0
55.0
55.0
268.0
251.0
55.0
56.0
55.0
55.0
322.0
56.0
56.0
465.0
55.0
1372.0
259.0
569.0
395.0
664.0
367.0
1004.0
239.0
802.0
2641.0
202.0
55.0
2928.0
182.0
251.0
172.0
55.0
93.0
243.0
178.0
385.0
891.0
166.0
179.0
229.0
202.0
55.0
2237.0
222.0
55.0
96.0
405.0
1080.0
182.0
170.0
200.0
277.0
55.0
135.0
351.0
210.0
310.0
55.0
329.0
405.0
419.0
1941.0
1767.0
55.0
26.0
55.0
213.0
55.0
272.0
55.0
55.0
55.0
54.0
243.0
55.0
176.0
55.0
304.0
219.0
91.0
54.0
55.0
55.0
147.0
54.0
176.0
438.0
164.0
95.0
166.0
207.0
69.0
236.0
85.0
54.0
247.0
55.0
54.0
298.0
179.0
226.0
197.0
263.0
272.0
255.0
91.0
1081.0
239.0
216.0
946.0
55.0
292.0
211.0
336.0
54.0
259.0
438.0
164.0
54.0
174.0
25.0
55.0
287.0
163.0
55.0
415.0
344.0
255.0
268.0
263.0
451.0
194.0
451.0
946.0
415.0
55.0
205.0
54.0
304.0
236.0
310.0
282.0
200.0
205.0
174.0
54.0
316.0
55.0
162.0
189.0
336.0
172.0
168.0
528.0
55.0
216.0
26.0
85.0
55.0
200.0
54.0
480.0
247.0
85.0
189.0
174.0
168.0
93.0
344.0
359.0
376.0
3137.0
395.0
223.0
376.0
427.0
166.0
170.0
207.0
55.0
298.0
287.0
210.0
54.0
192.0
162.0
232.0
