3.063
3.0
3.047
3.031
3.047
3.0
3.047
3.031
3.0
3.047
3.031
3.047
3.047
3.031
3.047
3.0
3.031
3.062
3.0
3.047
3.0
3.047
3.031
3.062
3.047
3.0
3.062
3.047
3.047
3.062
3.0
3.047
3.062
3.047
3.047
3.015
3.015
9.015
3.078
9.031
3.093
3.062
9.031
3.078
3.078
9.031
3.062
3.093
9.031
3.078
3.093
3.062
3.093
3.062
9.031
3.078
3.062
3.093
3.078
9.031
9.031
3.078
3.093
3.062
3.078
9.047
3.062
3.093
3.078
9.047
3.062
9.015
9.047
3.078
9.015
3.062
3.062
9.015
3.078
9.047
9.015
3.062
9.047
3.078
9.047
3.078
9.015
3.062
3.078
9.047
3.078
9.015
9.031
3.078
9.047
3.078
3.078
9.031
3.078
9.047
9.031
3.078
9.047
3.093
3.078
9.031
3.093
9.047
9.047
3.093
9.031
3.078
3.093
9.047
3.078
9.031
3.078
9.031
3.093
9.047
9.031
3.078
9.062
3.093
9.078
9.062
9.062
9.047
9.062
9.078
3.093
9.062
9.062
9.078
3.093
9.062
9.093
9.062
9.078
3.093
3.109
9.063
9.047
9.078
9.063
3.094
9.078
9.047
9.078
9.047
9.063
3.094
9.047
9.078
3.094
9.063
9.063
3.094
9.078
9.047
3.094
9.063
9.047
9.078
9.078
9.047
9.063
9.032
9.047
9.078
9.032
9.063
9.063
9.032
9.078
9.047
9.032
9.063
9.047
9.078
9.047
9.078
9.032
9.063
9.078
9.047
9.063
9.032
9.032
9.063
9.047
9.078
9.063
9.032
9.078
9.047
9.063
9.032
9.094
4.094
4.094
9.094
4.094
9.11
9.11
4.094
9.094
4.094
4.094
9.11
4.094
9.094
4.094
9.094
4.094
9.11
9.094
4.094
9.11
4.094
4.094
9.11
4.094
9.094
9.11
4.094
9.094
4.094
4.094
9.11
4.094
9.094
9.11
4.094
9.094
9.078
4.094
9.094
4.094
9.11
9.094
4.094
9.11
4.094
9.11
4.094
9.094
4.094
4.094
9.11
4.094
9.094
9.094
4.094
9.11
4.094
4.094
9.094
4.094
9.11
4.094
9.094
4.094
9.11
9.094
4.094
9.11
4.094
4.094
9.11
4.094
9.094
9.11
4.094
9.094
4.078
9.078
4.078
9.109
4.078
4.078
4.078
4.078
9.109
9.109
4.078
9.094
4.078
4.078
9.109
4.078
9.094
9.094
4.078
9.109
4.078
4.078
9.094
4.078
9.109
9.109
4.078
9.094
4.078
4.078
9.109
4.078
1.016
1.031
1.031
1.031
1.031
1.031
1.031
1.031
1.031
1.031
1.031
1.031
1.031
1.031
1.031
1.031
1.031
1.031
1.031
1.031
1.031
1.031
1.031
1.031
1.031
1.031
1.031
1.031
1.031
1.031
1.031
1.031
1.031
1.031
1.031
1.031
1.031
1.031
1.031
1.031
1.031
1.031
1.031
1.031
1.031
1.031
1.031
1.031
1.031
1.031
1.031
1.031
1.031
1.031
1.031
1.031
1.031
1.031
1.031
1.031
1.031
1.031
1.031
1.031
1.031
1.031
1.031
1.031
1.031
1.031
1.031
1.031
1.031
1.031
1.031
1.031
1.031
1.031
1.031
1.031
1.031
1.031
1.031
1.031
1.047
1.047
1.047
1.047
1.047
1.047
1.031
1.031
1.031
1.031
1.031
1.031
1.031
1.031
1.031
1.031
1.031
1.031
1.031
1.031
1.031
1.031
1.031
1.031
1.031
1.031
1.031
1.031
1.031
1.031
1.031
1.031
1.031
1.031
1.031
1.031
1.031
1.031
1.031
1.031
1.031
1.031
1.031
1.031
1.031
1.031
1.031
1.031
1.031
1.031
1.031
1.031
1.031
1.031
1.031
1.031
1.031
1.031
1.031
1.031
1.031
1.031
1.031
1.031
1.031
1.031
1.031
1.031
1.031
1.031
1.031
1.031
1.031
1.031
1.031
1.031
1.031
1.031
1.031
1.031
1.031
1.031
1.046
1.046
1.046
1.046
4.062
4.062
4.062
4.062
4.062
4.062
4.062
4.062
4.062
1.046
1.046
4.062
4.062
4.078
4.078
4.078
4.078
4.078
4.078
4.078
4.078
1.046
1.046
