0.282
0.313
0.297
0.266
1.782
2.844
2.11
1.938
2.579
2.516
2.047
2.063
2.579
2.625
0.938
4.485
0.25
93.204
1.454
1.985
1.954
89.86
28.204
2.032
2.0
0.657
2.735
92.063
2.297
2.375
1.844
2.25
2.11
99.86
1.7349999999999999
2.547
2.813
2.672
2.704
1.8599999999999999
0.719
0.6719999999999999
2.75
1.907
2.344
2.313
2.079
2.219
99.938
2.188
1.891
2.5
2.688
2.641
2.266
2.532
94.266
95.329
2.797
2.141
2.391
2.469
2.157
2.422
86.813
3.4539999999999997
2.204
2.4539999999999997
82.297
3.032
2.782
2.438
86.704
12.782
87.938
2.938
2.969
2.86
2.875
3.313
2.907
2.985
9.172
3.0
99.797
3.329
12.86
2.922
86.907
86.641
99.766
1.407
1.407
5.532
10.657
81.172
5.547
83.454
12.813
99.891
89.594
1.407
88.032
82.235
3.407
87.984
99.797
7.25
8.313
87.953
86.844
86.813
86.828
82.297
99.766
99.859
12.828
83.438
5.578
3.203
86.734
86.641
10.672
14.953
14.953
89.563
72.922
89.797
76.031
47.609
29.328
98.922
88.422
29.25
99.109
82.234
98.75
97.828
82.391
98.938
89.703
97.906
7.234
16.984
82.344
3.359
98.969
8.297
61.797
22.094
99.813
51.688
10.156
12.688
98.188
6.078
73.953
34.5
98.5
86.766
27.156
99.0
9.078
98.313
13.844
15.953
97.672
33.391
99.406
74.984
88.063
98.172
18.984
84.484
87.938
54.719
88.359
24.125
56.719
19.984
84.484
27.125
98.281
88.203
84.531
84.563
82.359
88.078
88.219
18.984
88.266
16.984
88.188
88.109
21.984
88.125
31.328
88.141
92.063
17.984
29.313
88.281
92.109
88.297
93.141
20.984
89.922
88.359
41.547
91.969
34.406
21.984
33.375
23.109
45.563
89.484
93.156
89.5
31.328
89.531
1.688
89.547
29.203
85.563
89.609
23.109
85.563
27.125
96.5
25.125
93.203
89.75
43.547
26.125
37.531
26.125
29.234
89.656
95.359
89.688
32.328
28.156
94.234
89.734
89.75
30.312
5.468
86.547
89.843
29.187
69.828
98.781
98.656
83.375
86.547
99.359
32.312
81.062
7.187
99.922
4.422
8.25
86.593
99.656
4.422
12.672
10.609
99.968
7.156
72.89
99.89
99.984
11.672
99.937
100.015
33.312
88.031
57.718
70.828
97.718
96.547
44.531
98.875
97.937
98.406
96.609
97.906
50.609
98.5
51.656
98.609
74.937
95.328
82.156
98.203
99.312
49.609
88.156
98.218
13.828
95.375
20.968
95.297
25.109
98.843
10.14
68.828
86.703
98.031
95.359
72.828
98.078
97.765
97.875
98.625
98.547
98.422
59.718
63.781
99.031
96.406
98.812
98.687
49.609
96.468
96.593
34.39
98.75
11.672
61.734
28.14
40.531
24.109
43.531
15.937
66.812
19.968
6.062
79.062
97.953
5.468
87.875
63.781
93.093
98.718
89.875
65.812
89.625
41.531
17.968
96.375
89.422
69.828
79.062
99.0
7.156
71.828
98.89
86.859
39.531
14.828
87.875
94.187
12.75
57.718
98.859
61.765
45.547
75.984
51.609
98.703
48.593
39.531
48.593
8.25
9.062
99.422
97.984
97.859
74.922
99.453
58.703
98.11
98.782
99.391
99.625
65.797
98.375
90.891
98.125
52.672
72.813
92.063
99.688
98.266
98.453
96.5
99.516
90.891
36.5
97.61
88.203
96.36
77.032
99.219
67.797
97.828
99.594
64.782
98.953
99.485
53.672
98.0
70.813
81.047
60.719
58.703
62.766
91.922
14.813
66.797
73.891
16.922
98.188
54.688
89.407
47.532
99.672
61.719
36.5
97.61
99.547
91.891
99.219
99.328
55.688
97.688
98.563
38.516
46.532
62.766
59.703
60.719
35.5
82.141
35.5
16.922
38.516
99.125
78.032
99.61
52.672
67.797
51.594
56.688
80.047
78.032
91.891
99.547
50.594
98.422
98.328
84.422
47.532
93.078
95.219
30.297
99.141
73.891
98.063
97.782
99.313
80.047
99.578
33.297
64.782
97.735
84.422
92.0
95.219
89.797
46.532
44.516
42.516
1.782
40.516
71.813
42.516
37.5
96.438
94.172
77.032
99.438
53.672
55.688
75.969
99.5
83.36
98.516
68.813
