24.5780
17.4790
59.3630
20.5670
2.3430
1.9230
2.5920
2.8230
.9890
2.1740
2.6720
2.6510
2.6870
2.0840
2.7190
.5680
10.2040
580.
3.8450
2.7560
2.7990
600.
.1930
2.6920
2.7350
8.3270
2.0000
590.
1.1100
2.3030
2.9660
2.4310
2.5920
540.
3.1530
2.1480
1.9440
2.0470
2.0230
2.9410
7.6090
8.1410
1.9890
2.8680
2.3340
2.9960
2.6310
2.4650
540.
2.5000
2.8930
2.1880
2.0350
2.0710
2.4140
2.1600
580.
720.
1.9560
2.5550
2.2880
2.2150
2.5360
2.2580
630.
.7380
2.4820
2.2290
660.
1.8040
1.9660
2.2440
630.
.6560
620.
1.8620
1.8420
1.9120
1.9020
1.6510
1.8820
1.8320
.5960
1.8230
540.
1.6430
.4250
1.8720
620.
630.
540.
11.3820
11.3820
.9880
.5130
670.
.9860
650.
.4260
540.
610.
13.4570
620.
660.
1.6050
620.
540.
.7540
.6580
620.
620.
630.
630.
660.
540.
540.
.4260
650.
.9800
1.7080
630.
630.
.5120
.4630
.1700
610.
750.
600.
710.
530.
.1860
550.
280.
.1870
550.
660.
550.
550.
660.
550.
600.
550.
.7560
.4940
660.
2.4980
550.
1.0110
880.
.2470
540.
.1050
1.5760
1.2620
550.
2.6340
730.
.1580
550.
630.
930.
550.
1.7640
550.
1.1560
1.0030
560.
.1630
550.
720.
620.
550.
.8430
300.
620.
.2920
780.
.6630
.2820
.8010
820.
.5900
550.
620.
640.
640.
660.
620.
620.
.8430
610.
.1500
620.
620.
.7280
620.
.5110
620.
590.
.8900
.2860
610.
590.
610.
580.
.7630
600.
280.
.3850
590.
.4650
.7280
.4260
.6930
.3510
610.
580.
610.
.5110
610.
9.4870
610.
.5480
.1870
610.
.6930
.1870
.5900
560.
.6370
580.
600.
.3670
.6130
.4260
.6130
.2870
610.
570.
610.
.4950
.6720
580.
600.
600.
.5280
3.4620
.1850
600.
.5480
.2290
550.
550.
.1920
.1850
550.
.4950
.1970
1.1670
540.
4.2810
1.9410
.1840
540.
3.6210
1.2630
1.5090
540.
2.2370
.1150
540.
540.
1.3720
540.
540.
.4800
.1610
.2770
.2260
550.
560.
.3590
550.
550.
550.
560.
550.
.3160
550.
.1620
250.
.2130
570.
.1940
550.
550.
.3220
950.
550.
1.1580
570.
.7630
260.
.6370
550.
1.5790
.2320
.1840
550.
570.
.2190
850.
550.
550.
700.
550.
550.
.2680
.2510
550.
560.
550.
550.
.3220
560.
560.
.4650
550.
1.3720
.2590
.5690
.3950
.6640
.3670
1.0040
.2390
.8020
2.6410
.2020
550.
2.9280
.1820
.2510
.1720
550.
930.
.2430
.1780
.3850
.8910
.1660
.1790
.2290
.2020
550.
2.2370
.2220
550.
960.
.4050
1.0800
.1820
.1700
.2000
.2770
550.
.1350
.3510
.2100
.3100
550.
.3290
.4050
.4190
1.9410
1.7670
550.
260.
550.
.2130
550.
.2720
550.
550.
550.
540.
.2430
550.
.1760
550.
.3040
.2190
910.
540.
550.
550.
.1470
540.
.1760
.4380
.1640
950.
.1660
.2070
690.
.2360
850.
540.
.2470
550.
540.
.2980
.1790
.2260
.1970
.2630
.2720
.2550
910.
1.0810
.2390
.2160
.9460
550.
.2920
.2110
.3360
540.
.2590
.4380
.1640
540.
.1740
250.
550.
.2870
.1630
550.
.4150
.3440
.2550
.2680
.2630
.4510
.1940
.4510
.9460
.4150
550.
.2050
540.
.3040
.2360
.3100
.2820
.2000
.2050
.1740
540.
.3160
550.
.1620
.1890
.3360
.1720
.1680
.5280
550.
.2160
260.
850.
550.
.2000
540.
.4800
.2470
850.
.1890
.1740
.1680
930.
.3440
.3590
.3760
3.1370
.3950
.2230
.3760
.4270
.1660
.1700
.2070
550.
.2980
.2870
.2100
540.
.1920
.1620
.2320
